   1.89307511      0.340228260    
   1.90307510      0.338753372    
   1.91307509      0.337284893    
   1.92307508      0.335822791    
   1.93307507      0.334367007    
   1.94307506      0.332917541    
   1.95307505      0.331474364    
   1.96307504      0.330037445    
   1.97307503      0.328606725    
   1.98307502      0.327182263    
   1.99307501      0.325763911    
   2.00307512      0.324351728    
   2.01307511      0.322945684    
   2.02307510      0.321545720    
   2.03307509      0.320151836    
   2.04307508      0.318764001    
   2.05307508      0.317382157    
   2.06307507      0.316006333    
   2.07307506      0.314636469    
   2.08307505      0.313272506    
   2.09307504      0.311914504    
   2.10307503      0.310562342    
   2.11307502      0.309216082    
   2.12307501      0.307875633    
   2.13307500      0.306541026    
   2.14307499      0.305212170    
   2.15307498      0.303889096    
   2.16307497      0.302571774    
   2.17307496      0.301260114    
   2.18307495      0.299954146    
   2.19307494      0.298653871    
   2.20307493      0.297359228    
   2.21307492      0.296070188    
   2.22307491      0.294786721    
   2.23307490      0.293508857    
   2.24307489      0.292236507    
   2.25307488      0.290969670    
   2.26307487      0.289708316    
   2.27307487      0.288452446    
   2.28307486      0.287202030    
   2.29307485      0.285957009    
   2.30307484      0.284717381    
   2.31307483      0.283483177    
   2.32307482      0.282254308    
   2.33307481      0.281030715    
   2.34307480      0.279812455    
   2.35307479      0.278599471    
   2.36307478      0.277391762    
   2.37307477      0.276189268    
   2.38307476      0.274992019    
   2.39307475      0.273799956    
   2.40307474      0.272613019    
   2.41307473      0.271431267    
   2.42307472      0.270254642    
   2.43307471      0.269083053    
   2.44307470      0.267916620    
   2.45307469      0.266755223    
   2.46307468      0.265598804    
   2.47307467      0.264447451    
   2.48307467      0.263301134    
   2.49307466      0.262159705    
   2.50307465      0.261023253    
   2.51307464      0.259891748    
   2.52307463      0.258765131    
   2.53307462      0.257643372    
   2.54307461      0.256526500    
   2.55307460      0.255414486    
   2.56307459      0.254307240    
   2.57307458      0.253204852    
   2.58307457      0.252107233    
   2.59307456      0.251014382    
   2.60307455      0.249926209    
   2.61307454      0.248842791    
   2.62307453      0.247764096    
   2.63307452      0.246690005    
   2.64307451      0.245620623    
   2.65307450      0.244555876    
   2.66307449      0.243495733    
   2.67307448      0.242440194    
   2.68307447      0.241389230    
   2.69307446      0.240342841    
   2.70307446      0.239300936    
   2.71307445      0.238263577    
   2.72307444      0.237230718    
   2.73307443      0.236202329    
   2.74307442      0.235178411    
   2.75307441      0.234158918    
   2.76307440      0.233143851    
   2.77307439      0.232133180    
   2.78307438      0.231126890    
   2.79307437      0.230124995    
   2.80307436      0.229127377    
   2.81307435      0.228134140    
   2.82307434      0.227145180    
   2.83307433      0.226160496    
   2.84307432      0.225180104    
   2.85307431      0.224203974    
   2.86307430      0.223232031    
   2.87307429      0.222264364    
   2.88307428      0.221300855    
   2.89307427      0.220341533    
   2.90307426      0.219386339    
   2.91307425      0.218435302    
   2.92307425      0.217488423    
   2.93307424      0.216545597    
   2.94307423      0.215606883    
   2.95307422      0.214672267    
   2.96307421      0.213741645    
   2.97307420      0.212815091    
   2.98307419      0.211892530    
   2.99307418      0.210974023    
   3.00307417      0.210059419    
   3.01307416      0.209148839    
   3.02307415      0.208242208    
   3.03307414      0.207339466    
   3.04307413      0.206440657    
   3.05307412      0.205545738    
   3.06307411      0.204654709    
   3.07307410      0.203767553    
   3.08307409      0.202884227    
   3.09307408      0.202004746    
   3.10307407      0.201129034    
   3.11307406      0.200257152    
   3.12307405      0.199389055    
   3.13307405      0.198524699    
   3.14307404      0.197664112    
   3.15307403      0.196807250    
   3.16307402      0.195954084    
   3.17307401      0.195104644    
   3.18307400      0.194258884    
   3.19307399      0.193416759    
   3.20307398      0.192578316    
   3.21307397      0.191743508    
   3.22307396      0.190912306    
   3.23307395      0.190084696    
   3.24307394      0.189260691    
   3.25307393      0.188440263    
   3.26307392      0.187623367    
   3.27307391      0.186810032    
   3.28307390      0.186000228    
   3.29307389      0.185193911    
   3.30307388      0.184391111    
   3.31307387      0.183591798    
   3.32307386      0.182795927    
   3.33307385      0.182003513    
   3.34307384      0.181214541    
   3.35307384      0.180428982    
   3.36307383      0.179646805    
   3.37307382      0.178868055    
   3.38307381      0.178092673    
   3.39307380      0.177320644    
   3.40307379      0.176551968    
   3.41307378      0.175786629    
   3.42307377      0.175024614    
   3.43307376      0.174265876    
   3.44307375      0.173510432    
   3.45307374      0.172758281    
   3.46307373      0.172009379    
   3.47307372      0.171263739    
   3.48307371      0.170521319    
   3.49307370      0.169782102    
   3.50307369      0.169046104    
   3.51307368      0.168313295    
   3.52307367      0.167583689    
   3.53307366      0.166857198    
   3.54307365      0.166133896    
   3.55307364      0.165413707    
   3.56307364      0.164696634    
   3.57307363      0.163982689    
   3.58307362      0.163271829    
   3.59307361      0.162564054    
   3.60307360      0.161859348    
   3.61307359      0.161157697    
   3.62307358      0.160459086    
   3.63307357      0.159763500    
   3.64307356      0.159070924    
   3.65307355      0.158381373    
   3.66307354      0.157694772    
   3.67307353      0.157011196    
   3.68307352      0.156330556    
   3.69307351      0.155652851    
   3.70307350      0.154978111    
   3.71307349      0.154306293    
   3.72307348      0.153637379    
   3.73307347      0.152971372    
   3.74307346      0.152308255    
   3.75307345      0.151648000    
   3.76307344      0.150990605    
   3.77307343      0.150336072    
   3.78307343      0.149684370    
   3.79307342      0.149035498    
   3.80307341      0.148389429    
   3.81307340      0.147746161    
   3.82307339      0.147105694    
   3.83307338      0.146467984    
   3.84307337      0.145833075    
   3.85307336      0.145200893    
   3.86307335      0.144571438    
   3.87307334      0.143944725    
   3.88307333      0.143320754    
   3.89307332      0.142699450    
   3.90307331      0.142080843    
   3.91307330      0.141464949    
   3.92307329      0.140851706    
   3.93307328      0.140241101    
   3.94307327      0.139633164    
   3.95307326      0.139027879    
   3.96307325      0.138425186    
   3.97307324      0.137825131    
   3.98307323      0.137227669    
   3.99307323      0.136632770    
   4.00307322      0.136040479    
   4.01307344      0.135450736    
   4.02307367      0.134863555    
   4.03307390      0.134278923    
   4.04307413      0.133696809    
   4.05307436      0.133117214    
   4.06307459      0.132540151    
   4.07307482      0.131965578    
   4.08307505      0.131393507    
   4.09307528      0.130823910    
   4.10307550      0.130256757    
   4.11307573      0.129692093    
   4.12307596      0.129129872    
   4.13307619      0.128570095    
   4.14307642      0.128012732    
   4.15307665      0.127457798    
   4.16307688      0.126905248    
   4.17307711      0.126355112    
   4.18307734      0.125807360    
   4.19307756      0.125261977    
   4.20307779      0.124718964    
   4.21307802      0.124178298    
   4.22307825      0.123639971    
   4.23307848      0.123103976    
   4.24307871      0.122570321    
   4.25307894      0.122038968    
   4.26307917      0.121509932    
   4.27307940      0.120983183    
   4.28307962      0.120458692    
   4.29307985      0.119936511    
   4.30308008      0.119416580    
   4.31308031      0.118898898    
   4.32308054      0.118383460    
   4.33308077      0.117870271    
   4.34308100      0.117359281    
   4.35308123      0.116850533    
   4.36308146      0.116343975    
   4.37308168      0.115839615    
   4.38308191      0.115337446    
   4.39308214      0.114837453    
   4.40308237      0.114339620    
   4.41308260      0.113843948    
   4.42308283      0.113350429    
   4.43308306      0.112859055    
   4.44308329      0.112369806    
   4.45308352      0.111882679    
   4.46308374      0.111397654    
   4.47308397      0.110914737    
   4.48308420      0.110433914    
   4.49308443      0.109955184    
   4.50308466      0.109478526    
   4.51308489      0.109003931    
   4.52308512      0.108531378    
   4.53308535      0.108060889    
   4.54308558      0.107592441    
   4.55308580      0.107126027    
   4.56308603      0.106661625    
   4.57308626      0.106199250    
   4.58308649      0.105738856    
   4.59308672      0.105280474    
   4.60308695      0.104824074    
   4.61308718      0.104369663    
   4.62308741      0.103917219    
   4.63308764      0.103466727    
   4.64308786      0.103018202    
   4.65308809      0.102571607    
   4.66308832      0.102126956    
   4.67308855      0.101684205    
   4.68308878      0.101243399    
   4.69308901      0.100804508    
   4.70308924      0.100367516    
   4.71308947       9.99324173E-02
   4.72308969       9.94992107E-02
   4.73308992       9.90678743E-02
   4.74309015       9.86384079E-02
   4.75309038       9.82108116E-02
   4.76309061       9.77850631E-02
   4.77309084       9.73611698E-02
   4.78309107       9.69390720E-02
   4.79309130       9.65188444E-02
   4.80309153       9.61004272E-02
   4.81309175       9.56838280E-02
   4.82309198       9.52690318E-02
   4.83309221       9.48560387E-02
   4.84309244       9.44448337E-02
   4.85309267       9.40354168E-02
   4.86309290       9.36277658E-02
   4.87309313       9.32218879E-02
   4.88309336       9.28177685E-02
   4.89309359       9.24153998E-02
   4.90309381       9.20147523E-02
   4.91309404       9.16158631E-02
   4.92309427       9.12187025E-02
   4.93309450       9.08232704E-02
   4.94309473       9.04295444E-02
   4.95309496       9.00375247E-02
   4.96309519       8.96472111E-02
   4.97309542       8.92585889E-02
   4.98309565       8.88716504E-02
   4.99309587       8.84863883E-02
   5.00309610       8.81027952E-02
   5.01309633       8.77208635E-02
   5.02309656       8.73405710E-02
   5.03309679       8.69619474E-02
   5.04309702       8.65849629E-02
   5.05309725       8.62096101E-02
   5.06309748       8.58358890E-02
   5.07309771       8.54637921E-02
   5.08309793       8.50932971E-02
   5.09309816       8.47244188E-02
   5.10309839       8.43571350E-02
   5.11309862       8.39914456E-02
   5.12309885       8.36273357E-02
   5.13309908       8.32648054E-02
   5.14309931       8.29038322E-02
   5.15309954       8.25444385E-02
   5.16309977       8.21866095E-02
   5.17309999       8.18303227E-02
   5.18310022       8.14755931E-02
   5.19310045       8.11223909E-02
   5.20310068       8.07707161E-02
   5.21310091       8.04205760E-02
   5.22310114       8.00719485E-02
   5.23310137       7.97248334E-02
   5.24310160       7.93792233E-02
   5.25310183       7.90351108E-02
   5.26310205       7.86924735E-02
   5.27310228       7.83513337E-02
   5.28310251       7.80116841E-02
   5.29310274       7.76734948E-02
   5.30310297       7.73367807E-02
   5.31310320       7.70015195E-02
   5.32310343       7.66677186E-02
   5.33310366       7.63353631E-02
   5.34310389       7.60044456E-02
   5.35310411       7.56749585E-02
   5.36310434       7.53469020E-02
   5.37310457       7.50202686E-02
   5.38310480       7.46950433E-02
   5.39310503       7.43712336E-02
   5.40310526       7.40488321E-02
   5.41310549       7.37278238E-02
   5.42310572       7.34082162E-02
   5.43310595       7.30899870E-02
   5.44310617       7.27731362E-02
   5.45310640       7.24576637E-02
   5.46310663       7.21435547E-02
   5.47310686       7.18308091E-02
   5.48310709       7.15194196E-02
   5.49310732       7.12093636E-02
   5.50310755       7.09006712E-02
   5.51310778       7.05933124E-02
   5.52310801       7.02872947E-02
   5.53310823       6.99825883E-02
   5.54310846       6.96792156E-02
   5.55310869       6.93771541E-02
   5.56310892       6.90763965E-02
   5.57310915       6.87769502E-02
   5.58310938       6.84788004E-02
   5.59310961       6.81819394E-02
   5.60310984       6.78863674E-02
   5.61311007       6.75920621E-02
   5.62311029       6.72990456E-02
   5.63311052       6.70073032E-02
   5.64311075       6.67168200E-02
   5.65311098       6.64276034E-02
   5.66311121       6.61396384E-02
   5.67311144       6.58529252E-02
   5.68311167       6.55674413E-02
   5.69311190       6.52832091E-02
   5.70311213       6.50001988E-02
   5.71311235       6.47184253E-02
   5.72311258       6.44378737E-02
   5.73311281       6.41585141E-02
   5.74311304       6.38803765E-02
   5.75311327       6.36034533E-02
   5.76311350       6.33277372E-02
   5.77311373       6.30532056E-02
   5.78311396       6.27798662E-02
   5.79311419       6.25077188E-02
   5.80311441       6.22367412E-02
   5.81311464       6.19669445E-02
   5.82311487       6.16983138E-02
   5.83311510       6.14308454E-02
   5.84311533       6.11645468E-02
   5.85311556       6.08993769E-02
   5.86311579       6.06353767E-02
   5.87311602       6.03725202E-02
   5.88311625       6.01108000E-02
   5.89311647       5.98502234E-02
   5.90311670       5.95907643E-02
   5.91311693       5.93324378E-02
   5.92311716       5.90752289E-02
   5.93311739       5.88191338E-02
   5.94311762       5.85641526E-02
   5.95311785       5.83102740E-02
   5.96311808       5.80574982E-02
   5.97311831       5.78058027E-02
   5.98311853       5.75552136E-02
   5.99311876       5.73057085E-02
   6.00311899       5.70572875E-02
   6.01311922       5.68099394E-02
   6.02311945       5.65636680E-02
   6.03311968       5.63184619E-02
   6.04311991       5.60743213E-02
   6.05312014       5.58312349E-02
   6.06312037       5.55892028E-02
   6.07312059       5.53482249E-02
   6.08312082       5.51082827E-02
   6.09312105       5.48693761E-02
   6.10312128       5.46315126E-02
   6.11312151       5.43946810E-02
   6.12312174       5.41588776E-02
   6.13312197       5.39241023E-02
   6.14312220       5.36903366E-02
   6.15312243       5.34575880E-02
   6.16312265       5.32258488E-02
   6.17312288       5.29951081E-02
   6.18312311       5.27653769E-02
   6.19312334       5.25366329E-02
   6.20312357       5.23088723E-02
   6.21312380       5.20821102E-02
   6.22312403       5.18563353E-02
   6.23312426       5.16315326E-02
   6.24312449       5.14077134E-02
   6.25312471       5.11848554E-02
   6.26312494       5.09629697E-02
   6.27312517       5.07420376E-02
   6.28312540       5.05220741E-02
   6.29312563       5.03030568E-02
   6.30312586       5.00849895E-02
   6.31312609       4.98678721E-02
   6.32312632       4.96516824E-02
   6.33312654       4.94364388E-02
   6.34312677       4.92221266E-02
   6.35312700       4.90087494E-02
   6.36312723       4.87962961E-02
   6.37312746       4.85847592E-02
   6.38312769       4.83741425E-02
   6.39312792       4.81644385E-02
   6.40312815       4.79556434E-02
   6.41312838       4.77477536E-02
   6.42312860       4.75407653E-02
   6.43312883       4.73346747E-02
   6.44312906       4.71294671E-02
   6.45312929       4.69251610E-02
   6.46312952       4.67217378E-02
   6.47312975       4.65191938E-02
   6.48312998       4.63175364E-02
   6.49313021       4.61167470E-02
   6.50313044       4.59168255E-02
   6.51313066       4.57177758E-02
   6.52313089       4.55195867E-02
   6.53313112       4.53222580E-02
   6.54313135       4.51257825E-02
   6.55313158       4.49301638E-02
   6.56313181       4.47353758E-02
   6.57313204       4.45414484E-02
   6.58313227       4.43483591E-02
   6.59313250       4.41561043E-02
   6.60313272       4.39646915E-02
   6.61313295       4.37741019E-02
   6.62313318       4.35843393E-02
   6.63313341       4.33953963E-02
   6.64313364       4.32072766E-02
   6.65313387       4.30199727E-02
   6.66313410       4.28334773E-02
   6.67313433       4.26477939E-02
   6.68313456       4.24629040E-02
   6.69313478       4.22788262E-02
   6.70313501       4.20955457E-02
   6.71313524       4.19130586E-02
   6.72313547       4.17313650E-02
   6.73313570       4.15504575E-02
   6.74313593       4.13703360E-02
   6.75313616       4.11909930E-02
   6.76313639       4.10124250E-02
   6.77313662       4.08346392E-02
   6.78313684       4.06576172E-02
   6.79313707       4.04813550E-02
   6.80313730       4.03058678E-02
   6.81313753       4.01311405E-02
   6.82313776       3.99571694E-02
   6.83313799       3.97839546E-02
   6.84313822       3.96114886E-02
   6.85313845       3.94397713E-02
   6.86313868       3.92687991E-02
   6.87313890       3.90985645E-02
   6.88313913       3.89290713E-02
   6.89313936       3.87603119E-02
   6.90313959       3.85922864E-02
   6.91313982       3.84249799E-02
   6.92314005       3.82584035E-02
   6.93314028       3.80925499E-02
   6.94314051       3.79274189E-02
   6.95314074       3.77630033E-02
   6.96314096       3.75992954E-02
   6.97314119       3.74363028E-02
   6.98314142       3.72740142E-02
   6.99314165       3.71124335E-02
   7.00314188       3.69515494E-02
   7.01314211       3.67913619E-02
   7.02314234       3.66318673E-02
   7.03314257       3.64730619E-02
   7.04314280       3.63149457E-02
   7.05314302       3.61575224E-02
   7.06314325       3.60007770E-02
   7.07314348       3.58447134E-02
   7.08314371       3.56893241E-02
   7.09314394       3.55346091E-02
   7.10314417       3.53805646E-02
   7.11314440       3.52271870E-02
   7.12314463       3.50744799E-02
   7.13314486       3.49224284E-02
   7.14314508       3.47710364E-02
   7.15314531       3.46202962E-02
   7.16314554       3.44702154E-02
   7.17314577       3.43207866E-02
   7.18314600       3.41720022E-02
   7.19314623       3.40238661E-02
   7.20314646       3.38763744E-02
   7.21314669       3.37295160E-02
   7.22314692       3.35832983E-02
   7.23314714       3.34377140E-02
   7.24314737       3.32927592E-02
   7.25314760       3.31484340E-02
   7.26314783       3.30047347E-02
   7.27314806       3.28616500E-02
   7.28314829       3.27191949E-02
   7.29314852       3.25773545E-02
   7.30314875       3.24361287E-02
   7.31314898       3.22955176E-02
   7.32314920       3.21555138E-02
   7.33314943       3.20161209E-02
   7.34314966       3.18773277E-02
   7.35314989       3.17391381E-02
   7.36315012       3.16015482E-02
   7.37315035       3.14645544E-02
   7.38315058       3.13281529E-02
   7.39315081       3.11923381E-02
   7.40315104       3.10571194E-02
   7.41315126       3.09224855E-02
   7.42315149       3.07884365E-02
   7.43315172       3.06549650E-02
   7.44315195       3.05220746E-02
   7.45315218       3.03897597E-02
   7.46315241       3.02580204E-02
   7.47315264       3.01268492E-02
   7.48315287       2.99962480E-02
   7.49315310       2.98662148E-02
   7.50315332       2.97367349E-02
   7.51315355       2.96078250E-02
   7.52315378       2.94794757E-02
   7.53315401       2.93516796E-02
   7.54315424       2.92244405E-02
   7.55315447       2.90977508E-02
   7.56315470       2.89716106E-02
   7.57315493       2.88460180E-02
   7.58315516       2.87209675E-02
   7.59315538       2.85964627E-02
   7.60315561       2.84724943E-02
   7.61315584       2.83490662E-02
   7.62315607       2.82261651E-02
   7.63315630       2.81038042E-02
   7.64315653       2.79819723E-02
   7.65315676       2.78606694E-02
   7.66315699       2.77398918E-02
   7.67315722       2.76196394E-02
   7.68315744       2.74999049E-02
   7.69315767       2.73806937E-02
   7.70315790       2.72619966E-02
   7.71315813       2.71438155E-02
   7.72315836       2.70261448E-02
   7.73315859       2.69089863E-02
   7.74315882       2.67923288E-02
   7.75315905       2.66761836E-02
   7.76315928       2.65605394E-02
   7.77315950       2.64454000E-02
   7.78315973       2.63307579E-02
   7.79315996       2.62166113E-02
   7.80316019       2.61029620E-02
   7.81316042       2.59898044E-02
   7.82316065       2.58771367E-02
   7.83316088       2.57649571E-02
   7.84316111       2.56532673E-02
   7.85316133       2.55420581E-02
   7.86316156       2.54313275E-02
   7.87316179       2.53210813E-02
   7.88316202       2.52113156E-02
   7.89316225       2.51020212E-02
   7.90316248       2.49932036E-02
   7.91316271       2.48848554E-02
   7.92316294       2.47769784E-02
   7.93316317       2.46695708E-02
   7.94316339       2.45626271E-02
   7.95316362       2.44561471E-02
   7.96316385       2.43501291E-02
   7.97316408       2.42445711E-02
   7.98316431       2.41394620E-02
   7.99316454       2.40348168E-02
   8.00316429       2.39306316E-02
   8.01316452       2.38268916E-02
   8.02316475       2.37236004E-02
   8.03316498       2.36207582E-02
   8.04316521       2.35183612E-02
   8.05316544       2.34164074E-02
   8.06316566       2.33148970E-02
   8.07316589       2.32138261E-02
   8.08316612       2.31131874E-02
   8.09316635       2.30129901E-02
   8.10316658       2.29132287E-02
   8.11316681       2.28138994E-02
   8.12316704       2.27149986E-02
   8.13316727       2.26165298E-02
   8.14316750       2.25184858E-02
   8.15316772       2.24208664E-02
   8.16316795       2.23236717E-02
   8.17316818       2.22268980E-02
   8.18316841       2.21305434E-02
   8.19316864       2.20346060E-02
   8.20316887       2.19390802E-02
   8.21316910       2.18439735E-02
   8.22316933       2.17492785E-02
   8.23316956       2.16549952E-02
   8.24316978       2.15611197E-02
   8.25317001       2.14676522E-02
   8.26317024       2.13745888E-02
   8.27317047       2.12819278E-02
   8.28317070       2.11896710E-02
   8.29317093       2.10978128E-02
   8.30317116       2.10063532E-02
   8.31317139       2.09152903E-02
   8.32317162       2.08246149E-02
   8.33317184       2.07343400E-02
   8.34317207       2.06444561E-02
   8.35317230       2.05549616E-02
   8.36317253       2.04658546E-02
   8.37317276       2.03771349E-02
   8.38317299       2.02887990E-02
   8.39317322       2.02008467E-02
   8.40317345       2.01132745E-02
   8.41317368       2.00260840E-02
   8.42317390       1.99392699E-02
   8.43317413       1.98528264E-02
   8.44317436       1.97667629E-02
   8.45317459       1.96810737E-02
   8.46317482       1.95957553E-02
   8.47317505       1.95108075E-02
   8.48317528       1.94262266E-02
   8.49317551       1.93420146E-02
   8.50317574       1.92581657E-02
   8.51317596       1.91746801E-02
   8.52317619       1.90915577E-02
   8.53317642       1.90087948E-02
   8.54317665       1.89263914E-02
   8.55317688       1.88443400E-02
   8.56317711       1.87626481E-02
   8.57317734       1.86813120E-02
   8.58317757       1.86003279E-02
   8.59317780       1.85196958E-02
   8.60317802       1.84394103E-02
   8.61317825       1.83594767E-02
   8.62317848       1.82798859E-02
   8.63317871       1.82006434E-02
   8.64317894       1.81217417E-02
   8.65317917       1.80431828E-02
   8.66317940       1.79649647E-02
   8.67317963       1.78870838E-02
   8.68317986       1.78095419E-02
   8.69318008       1.77323371E-02
   8.70318031       1.76554658E-02
   8.71318054       1.75789297E-02
   8.72318077       1.75027233E-02
   8.73318100       1.74268484E-02
   8.74318123       1.73513032E-02
   8.75318146       1.72760841E-02
   8.76318169       1.72011908E-02
   8.77318192       1.71266235E-02
   8.78318214       1.70523785E-02
   8.79318237       1.69784520E-02
   8.80318260       1.69048496E-02
   8.81318283       1.68315675E-02
   8.82318306       1.67586002E-02
   8.83318329       1.66859515E-02
   8.84318352       1.66136175E-02
   8.85318375       1.65415965E-02
   8.86318398       1.64698884E-02
   8.87318420       1.63984913E-02
   8.88318443       1.63274035E-02
   8.89318466       1.62566230E-02
   8.90318489       1.61861498E-02
   8.91318512       1.61159784E-02
   8.92318535       1.60461143E-02
   8.93318558       1.59765538E-02
   8.94318581       1.59072950E-02
   8.95318604       1.58383362E-02
   8.96318626       1.57696772E-02
   8.97318649       1.57013144E-02
   8.98318672       1.56332497E-02
   8.99318695       1.55654782E-02
   9.00318718       1.54980021E-02
   9.01318741       1.54308164E-02
   9.02318764       1.53639242E-02
   9.03318787       1.52973169E-02
   9.04318810       1.52310012E-02
   9.05318832       1.51649760E-02
   9.06318855       1.50992339E-02
   9.07318878       1.50337778E-02
   9.08318901       1.49686066E-02
   9.09318924       1.49037177E-02
   9.10318947       1.48391081E-02
   9.11318970       1.47747798E-02
   9.12318993       1.47107318E-02
   9.13319016       1.46469595E-02
   9.14319038       1.45834610E-02
   9.15319061       1.45202419E-02
   9.16319084       1.44572956E-02
   9.17319107       1.43946223E-02
   9.18319130       1.43322209E-02
   9.19319153       1.42700914E-02
   9.20319176       1.42082293E-02
   9.21319199       1.41466362E-02
   9.22319221       1.40853096E-02
   9.23319244       1.40242483E-02
   9.24319267       1.39634535E-02
   9.25319290       1.39029212E-02
   9.26319313       1.38426526E-02
   9.27319336       1.37826428E-02
   9.28319359       1.37228956E-02
   9.29319382       1.36634056E-02
   9.30319405       1.36041744E-02
   9.31319427       1.35451993E-02
   9.32319450       1.34864748E-02
   9.33319473       1.34280100E-02
   9.34319496       1.33697987E-02
   9.35319519       1.33118406E-02
   9.36319542       1.32541331E-02
   9.37319565       1.31966751E-02
   9.38319588       1.31394677E-02
   9.39319611       1.30825071E-02
   9.40319633       1.30257942E-02
   9.41319656       1.29693262E-02
   9.42319679       1.29131051E-02
   9.43319702       1.28571251E-02
   9.44319725       1.28013892E-02
   9.45319748       1.27458945E-02
   9.46319771       1.26906401E-02
   9.47319794       1.26356268E-02
   9.48319817       1.25808502E-02
   9.49319839       1.25263119E-02
   9.50319862       1.24720093E-02
   9.51319885       1.24179441E-02
   9.52319908       1.23641109E-02
   9.53319931       1.23105124E-02
   9.54319954       1.22571448E-02
   9.55319977       1.22040100E-02
   9.56320000       1.21510997E-02
   9.57320023       1.20984241E-02
   9.58320045       1.20459767E-02
   9.59320068       1.19937565E-02
   9.60320091       1.19417636E-02
   9.61320114       1.18899960E-02
   9.62320137       1.18384529E-02
   9.63320160       1.17871314E-02
   9.64320183       1.17360344E-02
   9.65320206       1.16851581E-02
   9.66320229       1.16345026E-02
   9.67320251       1.15840659E-02
   9.68320274       1.15338489E-02
   9.69320297       1.14838490E-02
   9.70320320       1.14340661E-02
   9.71320343       1.13844993E-02
   9.72320366       1.13351466E-02
   9.73320389       1.12860091E-02
   9.74320412       1.12370830E-02
   9.75320435       1.11883702E-02
   9.76320457       1.11398678E-02
   9.77320480       1.10915760E-02
   9.78320503       1.10434946E-02
   9.79320526       1.09956153E-02
   9.80320549       1.09479483E-02
   9.81320572       1.09004891E-02
   9.82320595       1.08532347E-02
   9.83320618       1.08061852E-02
   9.84320641       1.07593397E-02
   9.85320663       1.07126981E-02
   9.86320686       1.06662586E-02
   9.87320709       1.06200185E-02
   9.88320732       1.05739804E-02
   9.89320755       1.05281426E-02
   9.90320778       1.04825022E-02
   9.91320801       1.04370611E-02
   9.92320824       1.03918156E-02
   9.93320847       1.03467666E-02
   9.94320869       1.03019131E-02
   9.95320892       1.02572534E-02
   9.96320915       1.02127884E-02
   9.97320938       1.01685151E-02
   9.98320961       1.01244338E-02
   9.99320984       1.00805443E-02
   10.0032101       1.00368448E-02
   10.0132103       9.99333430E-03
   10.0232105       9.95001290E-03
   10.0332108       9.90687497E-03
   10.0432110       9.86392796E-03
   10.0532112       9.82116722E-03
   10.0632114       9.77859274E-03
   10.0732117       9.73620173E-03
   10.0832119       9.69399512E-03
   10.0932121       9.65197105E-03
   10.1032124       9.61012952E-03
   10.1132126       9.56846867E-03
   10.1232128       9.52698942E-03
   10.1332130       9.48568992E-03
   10.1432133       9.44456831E-03
   10.1532135       9.40362643E-03
   10.1632137       9.36286058E-03
   10.1732140       9.32227261E-03
   10.1832142       9.28186066E-03
   10.1932144       9.24162287E-03
   10.2032146       9.20156017E-03
   10.2132149       9.16167069E-03
   10.2232151       9.12195444E-03
   10.2332153       9.08241142E-03
   10.2432156       9.04303789E-03
   10.2532158       9.00383573E-03
   10.2632160       8.96480400E-03
   10.2732162       8.92593805E-03
   10.2832165       8.88724346E-03
   10.2932167       8.84871650E-03
   10.3032169       8.81035626E-03
   10.3132172       8.77216365E-03
   10.3232174       8.73413589E-03
   10.3332176       8.69627297E-03
   10.3432178       8.65857489E-03
   10.3532181       8.62103887E-03
   10.3632183       8.58366676E-03
   10.3732185       8.54645576E-03
   10.3832188       8.50940682E-03
   10.3932190       8.47251806E-03
   10.4032192       8.43578950E-03
   10.4132195       8.39922018E-03
   10.4232197       8.36280920E-03
   10.4332199       8.32655560E-03
   10.4432201       8.29046033E-03
   10.4532204       8.25452060E-03
   10.4632206       8.21873732E-03
   10.4732208       8.18310864E-03
   10.4832211       8.14763457E-03
   10.4932213       8.11231323E-03
   10.5032215       8.07714276E-03
   10.5132217       8.04212783E-03
   10.5232220       8.00726563E-03
   10.5332222       7.97255337E-03
   10.5432224       7.93799199E-03
   10.5532227       7.90358055E-03
   10.5632229       7.86931813E-03
   10.5732231       7.83520471E-03
   10.5832233       7.80123845E-03
   10.5932236       7.76741980E-03
   10.6032238       7.73374783E-03
   10.6132240       7.70022161E-03
   10.6232243       7.66684068E-03
   10.6332245       7.63360457E-03
   10.6432247       7.60051329E-03
   10.6532249       7.56756449E-03
   10.6632252       7.53475865E-03
   10.6732254       7.50209484E-03
   10.6832256       7.46957306E-03
   10.6932259       7.43719190E-03
   10.7032261       7.40495138E-03
   10.7132263       7.37285102E-03
   10.7232265       7.34088989E-03
   10.7332268       7.30906613E-03
   10.7432270       7.27737788E-03
   10.7532272       7.24582979E-03
   10.7632275       7.21441861E-03
   10.7732277       7.18314387E-03
   10.7832279       7.15200463E-03
   10.7932281       7.12100137E-03
   10.8032284       7.09013082E-03
   10.8132286       7.05939485E-03
   10.8232288       7.02879252E-03
   10.8332291       6.99832244E-03
   10.8432293       6.96798461E-03
   10.8532295       6.93777762E-03
   10.8632298       6.90770242E-03
   10.8732300       6.87775714E-03
   10.8832302       6.84794132E-03
   10.8932304       6.81825541E-03
   10.9032307       6.78869803E-03
   10.9132309       6.75926870E-03
   10.9232311       6.72996696E-03
   10.9332314       6.70079235E-03
   10.9432316       6.67174440E-03
   10.9532318       6.64282218E-03
   10.9632320       6.61402522E-03
   10.9732323       6.58535352E-03
   10.9832325       6.55680243E-03
   10.9932327       6.52837846E-03
   11.0032330       6.50007697E-03
   11.0132332       6.47189934E-03
   11.0232334       6.44384371E-03
   11.0332336       6.41590962E-03
   11.0432339       6.38809567E-03
   11.0532341       6.36040280E-03
   11.0632343       6.33283053E-03
   11.0732346       6.30537746E-03
   11.0832348       6.27804315E-03
   11.0932350       6.25082804E-03
   11.1032352       6.22373028E-03
   11.1132355       6.19675033E-03
   11.1232357       6.16988679E-03
   11.1332359       6.14314014E-03
   11.1432362       6.11650944E-03
   11.1532364       6.08999422E-03
   11.1632366       6.06359402E-03
   11.1732368       6.03730790E-03
   11.1832371       6.01113588E-03
   11.1932373       5.98507747E-03
   11.2032375       5.95913175E-03
   11.2132378       5.93329594E-03
   11.2232380       5.90757467E-03
   11.2332382       5.88196516E-03
   11.2432384       5.85646695E-03
   11.2532387       5.83107863E-03
   11.2632389       5.80580067E-03
   11.2732391       5.78063214E-03
   11.2832394       5.75557305E-03
   11.2932396       5.73062291E-03
   11.3032398       5.70578035E-03
   11.3132401       5.68104535E-03
   11.3232403       5.65641792E-03
   11.3332405       5.63189667E-03
   11.3432407       5.60748251E-03
   11.3532410       5.58317360E-03
   11.3632412       5.55897038E-03
   11.3732414       5.53487241E-03
   11.3832417       5.51087828E-03
   11.3932419       5.48698846E-03
   11.4032421       5.46320202E-03
   11.4132423       5.43951895E-03
   11.4232426       5.41593833E-03
   11.4332428       5.39246015E-03
   11.4432430       5.36908349E-03
   11.4532433       5.34580555E-03
   11.4632435       5.32263145E-03
   11.4732437       5.29955793E-03
   11.4832439       5.27658360E-03
   11.4932442       5.25370985E-03
   11.5032444       5.23093482E-03
   11.5132446       5.20825805E-03
   11.5232449       5.18568000E-03
   11.5332451       5.16320020E-03
   11.5432453       5.14081772E-03
   11.5532455       5.11853211E-03
   11.5632458       5.09634288E-03
   11.5732460       5.07425005E-03
   11.5832462       5.05225267E-03
   11.5932465       5.03035123E-03
   11.6032467       5.00854431E-03
   11.6132469       4.98683238E-03
   11.6232471       4.96521406E-03
   11.6332474       4.94368980E-03
   11.6432476       4.92225867E-03
   11.6532478       4.90092020E-03
   11.6632481       4.87967487E-03
   11.6732483       4.85852081E-03
   11.6832485       4.83745942E-03
   11.6932487       4.81648650E-03
   11.7032490       4.79560671E-03
   11.7132492       4.77481773E-03
   11.7232494       4.75411862E-03
   11.7332497       4.73350892E-03
   11.7432499       4.71298909E-03
   11.7532501       4.69255820E-03
   11.7632504       4.67221579E-03
   11.7732506       4.65196138E-03
   11.7832508       4.63179499E-03
   11.7932510       4.61171614E-03
   11.8032513       4.59172437E-03
   11.8132515       4.57181921E-03
   11.8232517       4.55199974E-03
   11.8332520       4.53226687E-03
   11.8432522       4.51261923E-03
   11.8532524       4.49305680E-03
   11.8632526       4.47357912E-03
   11.8732529       4.45418619E-03
   11.8832531       4.43487708E-03
   11.8932533       4.41565178E-03
   11.9032536       4.39650984E-03
   11.9132538       4.37745079E-03
   11.9232540       4.35847184E-03
   11.9332542       4.33957763E-03
   11.9432545       4.32076585E-03
   11.9532547       4.30203462E-03
   11.9632549       4.28338535E-03
   11.9732552       4.26481664E-03
   11.9832554       4.24632849E-03
   11.9932556       4.22792090E-03
   12.0032558       4.20959247E-03
   12.0132561       4.19134367E-03
   12.0232563       4.17317403E-03
   12.0332565       4.15508309E-03
   12.0432568       4.13707085E-03
   12.0532570       4.11913637E-03
   12.0632572       4.10127966E-03
   12.0732574       4.08350024E-03
   12.0832577       4.06579813E-03
   12.0932579       4.04817285E-03
   12.1032581       4.03062394E-03
   12.1132584       4.01315140E-03
   12.1232586       3.99575382E-03
   12.1332588       3.97843216E-03
   12.1432590       3.96118546E-03
   12.1532593       3.94401373E-03
   12.1632595       3.92691419E-03
   12.1732597       3.90989101E-03
   12.1832600       3.89294140E-03
   12.1932602       3.87606537E-03
   12.2032604       3.85926268E-03
   12.2132607       3.84253263E-03
   12.2232609       3.82587500E-03
   12.2332611       3.80928977E-03
   12.2432613       3.79277603E-03
   12.2532616       3.77633423E-03
   12.2632618       3.75996367E-03
   12.2732620       3.74366436E-03
   12.2832623       3.72743513E-03
   12.2932625       3.71127669E-03
   12.3032627       3.69518832E-03
   12.3132629       3.67916934E-03
   12.3232632       3.66321998E-03
   12.3332634       3.64734000E-03
   12.3432636       3.63152847E-03
   12.3532639       3.61578562E-03
   12.3632641       3.60011123E-03
   12.3732643       3.58450436E-03
   12.3832645       3.56896548E-03
   12.3932648       3.55349388E-03
   12.4032650       3.53808771E-03
   12.4132652       3.52274999E-03
   12.4232655       3.50747863E-03
   12.4332657       3.49227362E-03
   12.4432659       3.47713451E-03
   12.4532661       3.46206059E-03
   12.4632664       3.44705256E-03
   12.4732666       3.43210972E-03
   12.4832668       3.41723138E-03
   12.4932671       3.40241753E-03
   12.5032673       3.38766794E-03
   12.5132675       3.37298214E-03
   12.5232677       3.35836015E-03
   12.5332680       3.34380171E-03
   12.5432682       3.32930591E-03
   12.5532684       3.31487320E-03
   12.5632687       3.30050336E-03
   12.5732689       3.28619545E-03
   12.5832691       3.27194948E-03
   12.5932693       3.25776567E-03
   12.6032696       3.24364309E-03
   12.6132698       3.22958198E-03
   12.6232700       3.21558118E-03
   12.6332703       3.20163998E-03
   12.6432705       3.18776094E-03
   12.6532707       3.17394198E-03
   12.6632710       3.16018262E-03
   12.6732712       3.14648333E-03
   12.6832714       3.13284295E-03
   12.6932716       3.11926194E-03
   12.7032719       3.10573983E-03
   12.7132721       3.09227640E-03
   12.7232723       3.07887141E-03
   12.7332726       3.06552416E-03
   12.7432728       3.05223488E-03
   12.7532730       3.03900335E-03
   12.7632732       3.02582909E-03
   12.7732735       3.01271211E-03
   12.7832737       2.99965194E-03
   12.7932739       2.98664835E-03
   12.8032742       2.97370111E-03
   12.8132744       2.96080997E-03
   12.8232746       2.94797495E-03
   12.8332748       2.93519511E-03
   12.8432751       2.92247091E-03
   12.8532753       2.90980190E-03
   12.8632755       2.89718783E-03
   12.8732758       2.88462709E-03
   12.8832760       2.87212199E-03
   12.8932762       2.85967137E-03
   12.9032764       2.84727453E-03
   12.9132767       2.83493148E-03
   12.9232769       2.82264198E-03
   12.9332771       2.81040580E-03
   12.9432774       2.79822247E-03
   12.9532776       2.78609199E-03
   12.9632778       2.77401414E-03
   12.9732780       2.76198890E-03
   12.9832783       2.75001535E-03
   12.9932785       2.73809419E-03
   13.0032787       2.72622425E-03
   13.0132790       2.71440600E-03
   13.0232792       2.70263897E-03
   13.0332794       2.69092293E-03
   13.0432796       2.67925765E-03
   13.0532799       2.66764290E-03
   13.0632801       2.65607866E-03
   13.0732803       2.64456426E-03
   13.0832806       2.63310014E-03
   13.0932808       2.62168562E-03
   13.1032810       2.61032046E-03
   13.1132812       2.59900326E-03
   13.1232815       2.58773635E-03
   13.1332817       2.57651857E-03
   13.1432819       2.56534945E-03
   13.1532822       2.55422830E-03
   13.1632824       2.54315580E-03
   13.1732826       2.53213104E-03
   13.1832829       2.52115401E-03
   13.1932831       2.51022493E-03
   13.2032833       2.49934290E-03
   13.2132835       2.48850812E-03
   13.2232838       2.47772038E-03
   13.2332840       2.46697944E-03
   13.2432842       2.45628506E-03
   13.2532845       2.44563678E-03
   13.2632847       2.43503484E-03
   13.2732849       2.42447876E-03
   13.2832851       2.41396879E-03
   13.2932854       2.40350398E-03
   13.3032856       2.39308481E-03
   13.3132858       2.38271081E-03
   13.3232861       2.37238151E-03
   13.3332863       2.36209715E-03
   13.3432865       2.35185609E-03
   13.3532867       2.34166090E-03
   13.3632870       2.33150972E-03
   13.3732872       2.32140254E-03
   13.3832874       2.31133914E-03
   13.3932877       2.30131927E-03
   13.4032879       2.29134294E-03
   13.4132881       2.28140992E-03
   13.4232883       2.27151997E-03
   13.4332886       2.26167287E-03
   13.4432888       2.25186837E-03
   13.4532890       2.24210648E-03
   13.4632893       2.23238673E-03
   13.4732895       2.22270936E-03
   13.4832897       2.21307389E-03
   13.4932899       2.20348011E-03
   13.5032902       2.19392800E-03
   13.5132904       2.18441710E-03
   13.5232906       2.17494741E-03
   13.5332909       2.16551917E-03
   13.5432911       2.15613144E-03
   13.5532913       2.14678468E-03
   13.5632915       2.13747821E-03
   13.5732918       2.12821201E-03
   13.5832920       2.11898517E-03
   13.5932922       2.10979930E-03
   13.6032925       2.10065325E-03
   13.6132927       2.09154678E-03
   13.6232929       2.08247988E-03
   13.6332932       2.07345234E-03
   13.6432934       2.06446392E-03
   13.6532936       2.05551414E-03
   13.6632938       2.04660348E-03
   13.6732941       2.03773146E-03
   13.6832943       2.02889764E-03
   13.6932945       2.02010223E-03
   13.7032948       2.01134523E-03
   13.7132950       2.00262596E-03
   13.7232952       1.99394440E-03
   13.7332954       1.98530057E-03
   13.7432957       1.97669421E-03
   13.7532959       1.96812535E-03
   13.7632961       1.95959327E-03
   13.7732964       1.95109833E-03
   13.7832966       1.94264029E-03
   13.7932968       1.93421892E-03
   13.8032970       1.92583387E-03
   13.8132973       1.91748526E-03
   13.8232975       1.90917205E-03
   13.8332977       1.90089573E-03
   13.8432980       1.89265539E-03
   13.8532982       1.88445067E-03
   13.8632984       1.87628146E-03
   13.8732986       1.86814764E-03
   13.8832989       1.86004909E-03
   13.8932991       1.85198570E-03
   13.9032993       1.84395735E-03
   13.9132996       1.83596381E-03
   13.9232998       1.82800484E-03
   13.9333000       1.82008033E-03
   13.9433002       1.81219017E-03
   13.9533005       1.80433423E-03
   13.9633007       1.79651240E-03
   13.9733009       1.78872433E-03
   13.9833012       1.78097025E-03
   13.9933014       1.77324959E-03
   14.0033016       1.76556257E-03
   14.0133018       1.75790885E-03
   14.0233021       1.75028807E-03
   14.0333023       1.74270046E-03
   14.0433025       1.73514592E-03
   14.0533028       1.72762317E-03
   14.0633030       1.72013382E-03
   14.0733032       1.71267695E-03
   14.0833035       1.70525245E-03
   14.0933037       1.69786008E-03
   14.1033039       1.69049995E-03
   14.1133041       1.68317149E-03
   14.1233044       1.67587493E-03
   14.1333046       1.66860991E-03
   14.1433048       1.66137645E-03
   14.1533051       1.65417418E-03
   14.1633053       1.64700323E-03
   14.1733055       1.63986359E-03
   14.1833057       1.63275469E-03
   14.1933060       1.62567664E-03
   14.2033062       1.61862921E-03
   14.2133064       1.61161227E-03
   14.2233067       1.60462607E-03
   14.2333069       1.59766991E-03
   14.2433071       1.59074389E-03
   14.2533073       1.58384792E-03
   14.2633076       1.57698186E-03
   14.2733078       1.57014560E-03
   14.2833080       1.56333891E-03
   14.2933083       1.55656110E-03
   14.3033085       1.54981331E-03
   14.3133087       1.54309475E-03
   14.3233089       1.53640553E-03
   14.3333092       1.52974518E-03
   14.3433094       1.52311358E-03
   14.3533096       1.51651073E-03
   14.3633099       1.50993676E-03
   14.3733101       1.50339107E-03
   14.3833103       1.49687380E-03
   14.3933105       1.49038481E-03
   14.4033108       1.48392387E-03
   14.4133110       1.47749099E-03
   14.4233112       1.47108606E-03
   14.4333115       1.46470894E-03
   14.4433117       1.45835918E-03
   14.4533119       1.45203725E-03
   14.4633121       1.44574256E-03
   14.4733124       1.43947522E-03
   14.4833126       1.43323501E-03
   14.4933128       1.42702193E-03
   14.5033131       1.42083573E-03
   14.5133133       1.41467631E-03
   14.5233135       1.40854309E-03
   14.5333138       1.40243687E-03
   14.5433140       1.39635731E-03
   14.5533142       1.39030395E-03
   14.5633144       1.38427701E-03
   14.5733147       1.37827615E-03
   14.5833149       1.37230125E-03
   14.5933151       1.36635231E-03
   14.6033154       1.36042899E-03
   14.6133156       1.35453150E-03
   14.6233158       1.34865963E-03
   14.6333160       1.34281302E-03
   14.6433163       1.33699190E-03
   14.6533165       1.33119605E-03
   14.6633167       1.32542523E-03
   14.6733170       1.31967943E-03
   14.6833172       1.31395867E-03
   14.6933174       1.30826258E-03
   14.7033176       1.30259118E-03
   14.7133179       1.29694445E-03
   14.7233181       1.29132206E-03
   14.7333183       1.28572423E-03
   14.7433186       1.28015049E-03
   14.7533188       1.27460097E-03
   14.7633190       1.26907486E-03
   14.7733192       1.26357342E-03
   14.7833195       1.25809584E-03
   14.7933197       1.25264190E-03
   14.8033199       1.24721159E-03
   14.8133202       1.24180492E-03
   14.8233204       1.23642164E-03
   14.8333206       1.23106176E-03
   14.8433208       1.22572505E-03
   14.8533211       1.22041150E-03
   14.8633213       1.21512089E-03
   14.8733215       1.20985333E-03
   14.8833218       1.20460859E-03
   14.8933220       1.19938655E-03
   14.9033222       1.19418721E-03
   14.9133224       1.18901033E-03
   14.9233227       1.18385581E-03
   14.9333229       1.17872388E-03
   14.9433231       1.17361406E-03
   14.9533234       1.16852636E-03
   14.9633236       1.16346078E-03
   14.9733238       1.15841709E-03
   14.9833241       1.15339528E-03
   14.9933243       1.14839536E-03
   15.0033245       1.14341639E-03
   15.0133247       1.13845966E-03
   15.0233250       1.13352435E-03
   15.0333252       1.12861057E-03
   15.0433254       1.12371799E-03
   15.0533257       1.11884659E-03
   15.0633259       1.11399626E-03
   15.0733261       1.10916712E-03
   15.0833263       1.10435893E-03
   15.0933266       1.09957135E-03
   15.1033268       1.09480473E-03
   15.1133270       1.09005871E-03
   15.1233273       1.08533329E-03
   15.1333275       1.08062825E-03
   15.1433277       1.07594370E-03
   15.1533279       1.07127940E-03
   15.1633282       1.06663536E-03
   15.1733284       1.06201146E-03
   15.1833286       1.05740770E-03
   15.1933289       1.05282373E-03
   15.2033291       1.04825979E-03
   15.2133293       1.04371551E-03
   15.2233295       1.03919092E-03
   15.2333298       1.03468553E-03
   15.2433300       1.03020004E-03
   15.2533302       1.02573412E-03
   15.2633305       1.02128752E-03
   15.2733307       1.01686025E-03
   15.2833309       1.01245206E-03
   15.2933311       1.00806309E-03
   15.3033314       1.00369309E-03
   15.3133316       9.99342068E-04
   15.3233318       9.95009788E-04
   15.3333321       9.90696484E-04
   15.3433323       9.86401690E-04
   15.3533325       9.82125639E-04
   15.3633327       9.77868098E-04
   15.3733330       9.73628950E-04
   15.3833332       9.69408196E-04
   15.3933334       9.65205778E-04
   15.4033337       9.61021578E-04
   15.4133339       9.56855598E-04
   15.4233341       9.52707545E-04
   15.4333344       9.48577479E-04
   15.4433346       9.44465399E-04
   15.4533348       9.40371072E-04
   15.4633350       9.36294615E-04
   15.4733353       9.32235271E-04
   15.4833355       9.28193913E-04
   15.4933357       9.24170192E-04
   15.5033360       9.20163933E-04
   15.5133362       9.16174962E-04
   15.5233364       9.12203337E-04
   15.5333366       9.08248825E-04
   15.5433369       9.04311542E-04
   15.5533371       9.00391373E-04
   15.5633373       8.96488142E-04
   15.5733376       8.92601791E-04
   15.5833378       8.88732262E-04
   15.5933380       8.84879613E-04
   15.6033382       8.81043670E-04
   15.6133385       8.77224316E-04
   15.6233387       8.73421493E-04
   15.6333389       8.69635202E-04
   15.6433392       8.65865208E-04
   15.6533394       8.62111745E-04
   15.6633396       8.58374406E-04
   15.6733398       8.54653365E-04
   15.6833401       8.50948389E-04
   15.6933403       8.47259420E-04
   15.7033405       8.43586575E-04
   15.7133408       8.39929155E-04
   15.7233410       8.36288091E-04
   15.7333412       8.32662743E-04
   15.7433414       8.29053111E-04
   15.7533417       8.25459079E-04
   15.7633419       8.21880705E-04
   15.7733421       8.18317872E-04
   15.7833424       8.14770348E-04
   15.7933426       8.11238308E-04
   15.8033428       8.07721633E-04
   15.8133430       8.04220093E-04
   15.8233433       8.00733746E-04
   15.8333435       7.97262473E-04
   15.8433437       7.93806394E-04
   15.8533440       7.90365215E-04
   15.8633442       7.86938937E-04
   15.8733444       7.83527503E-04
   15.8833447       7.80130911E-04
   15.8933449       7.76748988E-04
   15.9033451       7.73381733E-04
   15.9133453       7.70029146E-04
   15.9233456       7.66691053E-04
   15.9333458       7.63367396E-04
   15.9433460       7.60057825E-04
   15.9533463       7.56762922E-04
   15.9633465       7.53482280E-04
   15.9733467       7.50215899E-04
   15.9833469       7.46963720E-04
   15.9933472       7.43725570E-04
   16.0033474       7.40501506E-04
   16.0133476       7.37291411E-04
   16.0233479       7.34095229E-04
   16.0333481       7.30912900E-04
   16.0433483       7.27744366E-04
   16.0533485       7.24589569E-04
   16.0633488       7.21448392E-04
   16.0733490       7.18320895E-04
   16.0833492       7.15206959E-04
   16.0933495       7.12106528E-04
   16.1033497       7.09019485E-04
   16.1133499       7.05945888E-04
   16.1233501       7.02885562E-04
   16.1333504       6.99838565E-04
   16.1433506       6.96804724E-04
   16.1533508       6.93784037E-04
   16.1633511       6.90776447E-04
   16.1733513       6.87781896E-04
   16.1833515       6.84800034E-04
   16.1933517       6.81831385E-04
   16.2033520       6.78875658E-04
   16.2133522       6.75932679E-04
   16.2233524       6.73002447E-04
   16.2333527       6.70084963E-04
   16.2433529       6.67180109E-04
   16.2533531       6.64287887E-04
   16.2633533       6.61408179E-04
   16.2733536       6.58540928E-04
   16.2833538       6.55686134E-04
   16.2933540       6.52843737E-04
   16.3033543       6.50013622E-04
   16.3133545       6.47195789E-04
   16.3233547       6.44390122E-04
   16.3333549       6.41596678E-04
   16.3433552       6.38815342E-04
   16.3533554       6.36046054E-04
   16.3633556       6.33288757E-04
   16.3733559       6.30543451E-04
   16.3833561       6.27810019E-04
   16.3933563       6.25088403E-04
   16.4033566       6.22378604E-04
   16.4133568       6.19680621E-04
   16.4233570       6.16993988E-04
   16.4333572       6.14319288E-04
   16.4433575       6.11656171E-04
   16.4533577       6.09004637E-04
   16.4633579       6.06364571E-04
   16.4733582       6.03735913E-04
   16.4833584       6.01118722E-04
   16.4933586       5.98512881E-04
   16.5033588       5.95918274E-04
   16.5133591       5.93334960E-04
   16.5233593       5.90762822E-04
   16.5333595       5.88201860E-04
   16.5433598       5.85651956E-04
   16.5533600       5.83113171E-04
   16.5633602       5.80585329E-04
   16.5733604       5.78068488E-04
   16.5833607       5.75562532E-04
   16.5933609       5.73067460E-04
   16.6033611       5.70583157E-04
   16.6133614       5.68109681E-04
   16.6233616       5.65646915E-04
   16.6333618       5.63194801E-04
   16.6433620       5.60753280E-04
   16.6533623       5.58322179E-04
   16.6633625       5.55901846E-04
   16.6733627       5.53491933E-04
   16.6833630       5.51092555E-04
   16.6933632       5.48703538E-04
   16.7033634       5.46324882E-04
   16.7133636       5.43956528E-04
   16.7233639       5.41598478E-04
   16.7333641       5.39250614E-04
   16.7433643       5.36912936E-04
   16.7533646       5.34585386E-04
   16.7633648       5.32267964E-04
   16.7733650       5.29960555E-04
   16.7833652       5.27663156E-04
   16.7933655       5.25375712E-04
   16.8033657       5.23098162E-04
   16.8133659       5.20830508E-04
   16.8233662       5.18572691E-04
   16.8333664       5.16324711E-04
   16.8433666       5.14086394E-04
   16.8533669       5.11857797E-04
   16.8633671       5.09638863E-04
   16.8733673       5.07429591E-04
   16.8833675       5.05229866E-04
   16.8933678       5.03039395E-04
   16.9033680       5.00858703E-04
   16.9133682       4.98687499E-04
   16.9233685       4.96525608E-04
   16.9333687       4.94373206E-04
   16.9433689       4.92230058E-04
   16.9533691       4.90096223E-04
   16.9633694       4.87971643E-04
   16.9733696       4.85856232E-04
   16.9833698       4.83750075E-04
   16.9933701       4.81652969E-04
   17.0033703       4.79565002E-04
   17.0133705       4.77486057E-04
   17.0233707       4.75416135E-04
   17.0333710       4.73355176E-04
   17.0433712       4.71303181E-04
   17.0533714       4.69260034E-04
   17.0633717       4.67225822E-04
   17.0733719       4.65200370E-04
   17.0833721       4.63183678E-04
   17.0933723       4.61175776E-04
   17.1033726       4.59176576E-04
   17.1133728       4.57186019E-04
   17.1233730       4.55204106E-04
   17.1333733       4.53230547E-04
   17.1433735       4.51265776E-04
   17.1533737       4.49309533E-04
   17.1633739       4.47361759E-04
   17.1733742       4.45422396E-04
   17.1833744       4.43491474E-04
   17.1933746       4.41568933E-04
   17.2033749       4.39654716E-04
   17.2133751       4.37748793E-04
   17.2233753       4.35851136E-04
   17.2333755       4.33961686E-04
   17.2433758       4.32080502E-04
   17.2533760       4.30207408E-04
   17.2633762       4.28342435E-04
   17.2733765       4.26485523E-04
   17.2833767       4.24636703E-04
   17.2933769       4.22795885E-04
   17.3033772       4.20963072E-04
   17.3133774       4.19138145E-04
   17.3233776       4.17321193E-04
   17.3333778       4.15512040E-04
   17.3433781       4.13710804E-04
   17.3533783       4.11917368E-04
   17.3633785       4.10131499E-04
   17.3733788       4.08353546E-04
   17.3833790       4.06583305E-04
   17.3933792       4.04820748E-04
   17.4033794       4.03065846E-04
   17.4133797       4.01318568E-04
   17.4233799       3.99578799E-04
   17.4333801       3.97846597E-04
   17.4433804       3.96121934E-04
   17.4533806       3.94404720E-04
   17.4633808       3.92694987E-04
   17.4733810       3.90992616E-04
   17.4833813       3.89297667E-04
   17.4933815       3.87610053E-04
   17.5033817       3.85929743E-04
   17.5133820       3.84256680E-04
   17.5233822       3.82590952E-04
   17.5333824       3.80932412E-04
   17.5433826       3.79281031E-04
   17.5533829       3.77636839E-04
   17.5633831       3.75999778E-04
   17.5733833       3.74369818E-04
   17.5833836       3.72746901E-04
   17.5933838       3.71131027E-04
   17.6033840       3.69521964E-04
   17.6133842       3.67920060E-04
   17.6233845       3.66325141E-04
   17.6333847       3.64737090E-04
   17.6433849       3.63155938E-04
   17.6533852       3.61581653E-04
   17.6633854       3.60014179E-04
   17.6733856       3.58453486E-04
   17.6833858       3.56899604E-04
   17.6933861       3.55352415E-04
   17.7033863       3.53811949E-04
   17.7133865       3.52278177E-04
   17.7233868       3.50751012E-04
   17.7333870       3.49230511E-04
   17.7433872       3.47716588E-04
   17.7533875       3.46209214E-04
   17.7633877       3.44708387E-04
   17.7733879       3.43214051E-04
   17.7833881       3.41726205E-04
   17.7933884       3.40244820E-04
   17.8033886       3.38769838E-04
   17.8133888       3.37301259E-04
   17.8233891       3.35839053E-04
   17.8333893       3.34383163E-04
   17.8433895       3.32933443E-04
   17.8533897       3.31490155E-04
   17.8633900       3.30053153E-04
   17.8733902       3.28622351E-04
   17.8833904       3.27197748E-04
   17.8933907       3.25779343E-04
   17.9033909       3.24367080E-04
   17.9133911       3.22960928E-04
   17.9233913       3.21560889E-04
   17.9333916       3.20166902E-04
   17.9433918       3.18778970E-04
   17.9533920       3.17397062E-04
   17.9633923       3.16021120E-04
   17.9733925       3.14651144E-04
   17.9833927       3.13287135E-04
   17.9933929       3.11929034E-04
   18.0033932       3.10576783E-04
   18.0133934       3.09230440E-04
   18.0233936       3.07889917E-04
   18.0333939       3.06555186E-04
   18.0433941       3.05226276E-04
   18.0533943       3.03903100E-04
   18.0633945       3.02585657E-04
   18.0733948       3.01273802E-04
   18.0833950       2.99967767E-04
   18.0933952       2.98667379E-04
   18.1033955       2.97372666E-04
   18.1133957       2.96083512E-04
   18.1233959       2.94800004E-04
   18.1333961       2.93522025E-04
   18.1433964       2.92249606E-04
   18.1533966       2.90982687E-04
   18.1633968       2.89721269E-04
   18.1733971       2.88465322E-04
   18.1833973       2.87214818E-04
   18.1933975       2.85969727E-04
   18.2033978       2.84730020E-04
   18.2133980       2.83495698E-04
   18.2233982       2.82266730E-04
   18.2333984       2.81043118E-04
   18.2433987       2.79824773E-04
   18.2533989       2.78611726E-04
   18.2633991       2.77403917E-04
   18.2733994       2.76201376E-04
   18.2833996       2.75004015E-04
   18.2933998       2.73811864E-04
   18.3034000       2.72624893E-04
   18.3134003       2.71442928E-04
   18.3234005       2.70266202E-04
   18.3334007       2.69094598E-04
   18.3434010       2.67928059E-04
   18.3534012       2.66766583E-04
   18.3634014       2.65610142E-04
   18.3734016       2.64458708E-04
   18.3834019       2.63312279E-04
   18.3934021       2.62170797E-04
   18.4034023       2.61034264E-04
   18.4134026       2.59902677E-04
   18.4234028       2.58775981E-04
   18.4334030       2.57654057E-04
   18.4434032       2.56537227E-04
   18.4534035       2.55425024E-04
   18.4634037       2.54317856E-04
   18.4734039       2.53215258E-04
   18.4834042       2.52117694E-04
   18.4934044       2.51024641E-04
   18.5034046       2.49936536E-04
   18.5134048       2.48852943E-04
   18.5234051       2.47774267E-04
   18.5334053       2.46700045E-04
   18.5434055       2.45630712E-04
   18.5534058       2.44565774E-04
   18.5634060       2.43505681E-04
   18.5734062       2.42449954E-04
   18.5834064       2.41399059E-04
   18.5934067       2.40352470E-04
   18.6034069       2.39310626E-04
   18.6134071       2.38273089E-04
   18.6234074       2.37240296E-04
   18.6334076       2.36211723E-04
   18.6434078       2.35187850E-04
   18.6534081       2.34168197E-04
   18.6634083       2.33152954E-04
   18.6734085       2.32142353E-04
   18.6834087       2.31135899E-04
   18.6934090       2.30134014E-04
   18.7034092       2.29136262E-04
   18.7134094       2.28143050E-04
   18.7234097       2.27153927E-04
   18.7334099       2.26169315E-04
   18.7434101       2.25188749E-04
   18.7534103       2.24212650E-04
   18.7634106       2.23240597E-04
   18.7734108       2.22272953E-04
   18.7834110       2.21309267E-04
   18.7934113       2.20349990E-04
   18.8034115       2.19394671E-04
   18.8134117       2.18443674E-04
   18.8234119       2.17496621E-04
   18.8334122       2.16553861E-04
   18.8434124       2.15615000E-04
   18.8534126       2.14680389E-04
   18.8634129       2.13749634E-04
   18.8734131       2.12823143E-04
   18.8834133       2.11900435E-04
   18.8934135       2.10981947E-04
