  -18.8972607       2.10629514E-04
  -18.8872604       2.11546678E-04
  -18.8772602       2.12467639E-04
  -18.8672600       2.13392806E-04
  -18.8572598       2.14321801E-04
  -18.8472595       2.15255030E-04
  -18.8372593       2.16192144E-04
  -18.8272591       2.17133507E-04
  -18.8172588       2.18078800E-04
  -18.8072586       2.19028399E-04
  -18.7972584       2.19981928E-04
  -18.7872581       2.20939823E-04
  -18.7772579       2.21901646E-04
  -18.7672577       2.22867893E-04
  -18.7572575       2.23838142E-04
  -18.7472572       2.24812815E-04
  -18.7372570       2.25791533E-04
  -18.7272568       2.26774719E-04
  -18.7172565       2.27761950E-04
  -18.7072563       2.28753735E-04
  -18.6972561       2.29749596E-04
  -18.6872559       2.30750011E-04
  -18.6772556       2.31754573E-04
  -18.6672554       2.32763719E-04
  -18.6572552       2.33777042E-04
  -18.6472549       2.34794992E-04
  -18.6372547       2.35817381E-04
  -18.6272545       2.36844004E-04
  -18.6172543       2.37875312E-04
  -18.6072540       2.38910885E-04
  -18.5972538       2.39951201E-04
  -18.5872536       2.40995825E-04
  -18.5772533       2.42045207E-04
  -18.5672531       2.43098926E-04
  -18.5572529       2.44157476E-04
  -18.5472527       2.45220406E-04
  -18.5372524       2.46288197E-04
  -18.5272522       2.47360382E-04
  -18.5172520       2.48437515E-04
  -18.5072517       2.49519042E-04
  -18.4972515       2.50605546E-04
  -18.4872513       2.51696532E-04
  -18.4772511       2.52792554E-04
  -18.4672508       2.53893057E-04
  -18.4572506       2.54998624E-04
  -18.4472504       2.56108702E-04
  -18.4372501       2.57223903E-04
  -18.4272499       2.58343731E-04
  -18.4172497       2.59468652E-04
  -18.4072495       2.60598375E-04
  -18.3972492       2.61732988E-04
  -18.3872490       2.62872549E-04
  -18.3772488       2.64017086E-04
  -18.3672485       2.65166571E-04
  -18.3572483       2.66321120E-04
  -18.3472481       2.67480646E-04
  -18.3372478       2.68645235E-04
  -18.3272476       2.69814860E-04
  -18.3172474       2.70989636E-04
  -18.3072472       2.72169476E-04
  -18.2972469       2.73354643E-04
  -18.2872467       2.74544785E-04
  -18.2772465       2.75740138E-04
  -18.2672462       2.76940700E-04
  -18.2572460       2.78146472E-04
  -18.2472458       2.79357482E-04
  -18.2372456       2.80573789E-04
  -18.2272453       2.81795365E-04
  -18.2172451       2.83022295E-04
  -18.2072449       2.84254551E-04
  -18.1972446       2.85492191E-04
  -18.1872444       2.86735187E-04
  -18.1772442       2.87983596E-04
  -18.1672440       2.89237447E-04
  -18.1572437       2.90496770E-04
  -18.1472435       2.91761564E-04
  -18.1372433       2.93031859E-04
  -18.1272430       2.94307712E-04
  -18.1172428       2.95589096E-04
  -18.1072426       2.96876067E-04
  -18.0972424       2.98168656E-04
  -18.0872421       2.99466832E-04
  -18.0772419       3.00770684E-04
  -18.0672417       3.02080211E-04
  -18.0572414       3.03395587E-04
  -18.0472412       3.04716552E-04
  -18.0372410       3.06043279E-04
  -18.0272408       3.07375740E-04
  -18.0172405       3.08714050E-04
  -18.0072403       3.10058153E-04
  -17.9972401       3.11408134E-04
  -17.9872398       3.12763965E-04
  -17.9772396       3.14125733E-04
  -17.9672394       3.15493409E-04
  -17.9572392       3.16867023E-04
  -17.9472389       3.18246632E-04
  -17.9372387       3.19632265E-04
  -17.9272385       3.21023894E-04
  -17.9172382       3.22421605E-04
  -17.9072380       3.23825428E-04
  -17.8972378       3.25235334E-04
  -17.8872375       3.26651381E-04
  -17.8772373       3.28073598E-04
  -17.8672371       3.29501985E-04
  -17.8572369       3.30936600E-04
  -17.8472366       3.32377473E-04
  -17.8372364       3.33824602E-04
  -17.8272362       3.35278048E-04
  -17.8172359       3.36738012E-04
  -17.8072357       3.38204118E-04
  -17.7972355       3.39676626E-04
  -17.7872353       3.41155566E-04
  -17.7772350       3.42640938E-04
  -17.7672348       3.44132743E-04
  -17.7572346       3.45631095E-04
  -17.7472343       3.47135909E-04
  -17.7372341       3.48647300E-04
  -17.7272339       3.50165297E-04
  -17.7172337       3.51689901E-04
  -17.7072334       3.53221112E-04
  -17.6972332       3.54759017E-04
  -17.6872330       3.56303615E-04
  -17.6772327       3.57854908E-04
  -17.6672325       3.59412981E-04
  -17.6572323       3.60977836E-04
  -17.6472321       3.62549530E-04
  -17.6372318       3.64128035E-04
  -17.6272316       3.65713378E-04
  -17.6172314       3.67305678E-04
  -17.6072311       3.68904904E-04
  -17.5972309       3.70511087E-04
  -17.5872307       3.72124428E-04
  -17.5772305       3.73744639E-04
  -17.5672302       3.75371892E-04
  -17.5572300       3.77006218E-04
  -17.5472298       3.78647645E-04
  -17.5372295       3.80296289E-04
  -17.5272293       3.81952064E-04
  -17.5172291       3.83615028E-04
  -17.5072289       3.85285268E-04
  -17.4972286       3.86962754E-04
  -17.4872284       3.88647575E-04
  -17.4772282       3.90339672E-04
  -17.4672279       3.92039190E-04
  -17.4572277       3.93746101E-04
  -17.4472275       3.95460433E-04
  -17.4372272       3.97182273E-04
  -17.4272270       3.98911565E-04
  -17.4172268       4.00648394E-04
  -17.4072266       4.02392761E-04
  -17.3972263       4.04144725E-04
  -17.3872261       4.05904371E-04
  -17.3772259       4.07671614E-04
  -17.3672256       4.09446598E-04
  -17.3572254       4.11229295E-04
  -17.3472252       4.13019967E-04
  -17.3372250       4.14818176E-04
  -17.3272247       4.16624302E-04
  -17.3172245       4.18438256E-04
  -17.3072243       4.20260098E-04
  -17.2972240       4.22089855E-04
  -17.2872238       4.23927617E-04
  -17.2772236       4.25773353E-04
  -17.2672234       4.27627092E-04
  -17.2572231       4.29488951E-04
  -17.2472229       4.31358931E-04
  -17.2372227       4.33237030E-04
  -17.2272224       4.35123278E-04
  -17.2172222       4.37017792E-04
  -17.2072220       4.38920542E-04
  -17.1972218       4.40831529E-04
  -17.1872215       4.42750927E-04
  -17.1772213       4.44678590E-04
  -17.1672211       4.46614693E-04
  -17.1572208       4.48559236E-04
  -17.1472206       4.50512191E-04
  -17.1372204       4.52473672E-04
  -17.1272202       4.54443711E-04
  -17.1172199       4.56422538E-04
  -17.1072197       4.58409777E-04
  -17.0972195       4.60405630E-04
  -17.0872192       4.62410215E-04
  -17.0772190       4.64423531E-04
  -17.0672188       4.66445577E-04
  -17.0572186       4.68476443E-04
  -17.0472183       4.70516155E-04
  -17.0372181       4.72564716E-04
  -17.0272179       4.74622240E-04
  -17.0172176       4.76688700E-04
  -17.0072174       4.78764181E-04
  -16.9972172       4.80848685E-04
  -16.9872169       4.82942211E-04
  -16.9772167       4.85044904E-04
  -16.9672165       4.87156765E-04
  -16.9572163       4.89277823E-04
  -16.9472160       4.91408107E-04
  -16.9372158       4.93547588E-04
  -16.9272156       4.95696499E-04
  -16.9172153       4.97854722E-04
  -16.9072151       5.00022317E-04
  -16.8972149       5.02199400E-04
  -16.8872147       5.04385913E-04
  -16.8772144       5.06582204E-04
  -16.8672142       5.08787809E-04
  -16.8572140       5.11003076E-04
  -16.8472137       5.13227889E-04
  -16.8372135       5.15462423E-04
  -16.8272133       5.17706736E-04
  -16.8172131       5.19960828E-04
  -16.8072128       5.22224640E-04
  -16.7972126       5.24498348E-04
  -16.7872124       5.26781951E-04
  -16.7772121       5.29075565E-04
  -16.7672119       5.31379133E-04
  -16.7572117       5.33692713E-04
  -16.7472115       5.36016363E-04
  -16.7372112       5.38350083E-04
  -16.7272110       5.40694047E-04
  -16.7172108       5.43048198E-04
  -16.7072105       5.45412535E-04
  -16.6972103       5.47787233E-04
  -16.6872101       5.50172233E-04
  -16.6772099       5.52567653E-04
  -16.6672096       5.54973492E-04
  -16.6572094       5.57389809E-04
  -16.6472092       5.59816603E-04
  -16.6372089       5.62254281E-04
  -16.6272087       5.64702321E-04
  -16.6172085       5.67160954E-04
  -16.6072083       5.69630356E-04
  -16.5972080       5.72110410E-04
  -16.5872078       5.74601348E-04
  -16.5772076       5.77103114E-04
  -16.5672073       5.79615764E-04
  -16.5572071       5.82139357E-04
  -16.5472069       5.84673951E-04
  -16.5372066       5.87219605E-04
  -16.5272064       5.89776260E-04
  -16.5172062       5.92344149E-04
  -16.5072060       5.94923156E-04
  -16.4972057       5.97513397E-04
  -16.4872055       6.00114930E-04
  -16.4772053       6.02727756E-04
  -16.4672050       6.05351990E-04
  -16.4572048       6.07987633E-04
  -16.4472046       6.10634743E-04
  -16.4372044       6.13293378E-04
  -16.4272041       6.15963654E-04
  -16.4172039       6.18645514E-04
  -16.4072037       6.21339306E-04
  -16.3972034       6.24044565E-04
  -16.3872032       6.26761641E-04
  -16.3772030       6.29490474E-04
  -16.3672028       6.32231240E-04
  -16.3572025       6.34983880E-04
  -16.3472023       6.37748628E-04
  -16.3372021       6.40525308E-04
  -16.3272018       6.43314095E-04
  -16.3172016       6.46114990E-04
  -16.3072014       6.48928166E-04
  -16.2972012       6.51753508E-04
  -16.2872009       6.54591189E-04
  -16.2772007       6.57441269E-04
  -16.2672005       6.60303689E-04
  -16.2572002       6.63178565E-04
  -16.2472000       6.66066015E-04
  -16.2371998       6.68965979E-04
  -16.2271996       6.71878632E-04
  -16.2171993       6.74803916E-04
  -16.2071991       6.77741948E-04
  -16.1971989       6.80692785E-04
  -16.1871986       6.83656486E-04
  -16.1771984       6.86633051E-04
  -16.1671982       6.89622888E-04
  -16.1571980       6.92625472E-04
  -16.1471977       6.95641094E-04
  -16.1371975       6.98669872E-04
  -16.1271973       7.01711804E-04
  -16.1171970       7.04767008E-04
  -16.1071968       7.07835541E-04
  -16.0971966       7.10917346E-04
  -16.0871964       7.14012596E-04
  -16.0771961       7.17121351E-04
  -16.0671959       7.20243668E-04
  -16.0571957       7.23379548E-04
  -16.0471954       7.26529106E-04
  -16.0371952       7.29692343E-04
  -16.0271950       7.32869317E-04
  -16.0171947       7.36060203E-04
  -16.0071945       7.39264942E-04
  -15.9971943       7.42483651E-04
  -15.9871941       7.45716330E-04
  -15.9771938       7.48963153E-04
  -15.9671936       7.52224063E-04
  -15.9571934       7.55499175E-04
  -15.9471931       7.58788490E-04
  -15.9371929       7.62092241E-04
  -15.9271927       7.65410659E-04
  -15.9171925       7.68743281E-04
  -15.9071922       7.72090279E-04
  -15.8971920       7.75451888E-04
  -15.8871918       7.78828107E-04
  -15.8771915       7.82219111E-04
  -15.8671913       7.85624783E-04
  -15.8571911       7.89045356E-04
  -15.8471909       7.92480772E-04
  -15.8371906       7.95931206E-04
  -15.8271904       7.99396541E-04
  -15.8171902       8.02877068E-04
  -15.8071899       8.06372729E-04
  -15.7971897       8.09883641E-04
  -15.7871895       8.13409744E-04
  -15.7771893       8.16951331E-04
  -15.7671890       8.20508285E-04
  -15.7571888       8.24080664E-04
  -15.7471886       8.27668642E-04
  -15.7371883       8.31272278E-04
  -15.7271881       8.34891514E-04
  -15.7171879       8.38526583E-04
  -15.7071877       8.42177426E-04
  -15.6971874       8.45844683E-04
  -15.6871872       8.49527365E-04
  -15.6771870       8.53226171E-04
  -15.6671867       8.56941042E-04
  -15.6571865       8.60672095E-04
  -15.6471863       8.64419329E-04
  -15.6371861       8.68182920E-04
  -15.6271858       8.71962926E-04
  -15.6171856       8.75759404E-04
  -15.6071854       8.79572355E-04
  -15.5971851       8.83401954E-04
  -15.5871849       8.87248199E-04
  -15.5771847       8.91111209E-04
  -15.5671844       8.94991041E-04
  -15.5571842       8.98887811E-04
  -15.5471840       9.02801461E-04
  -15.5371838       9.06732166E-04
  -15.5271835       9.10680043E-04
  -15.5171833       9.14644974E-04
  -15.5071831       9.18627251E-04
  -15.4971828       9.22626932E-04
  -15.4871826       9.26643901E-04
  -15.4771824       9.30678507E-04
  -15.4671822       9.34730517E-04
  -15.4571819       9.38800804E-04
  -15.4471817       9.42888204E-04
  -15.4371815       9.46993532E-04
  -15.4271812       9.51116614E-04
  -15.4171810       9.55257739E-04
  -15.4071808       9.59416793E-04
  -15.3971806       9.63594066E-04
  -15.3871803       9.67789441E-04
  -15.3771801       9.72003152E-04
  -15.3671799       9.76235082E-04
  -15.3571796       9.80485580E-04
  -15.3471794       9.84754530E-04
  -15.3371792       9.89041990E-04
  -15.3271790       9.93348192E-04
  -15.3171787       9.97673254E-04
  -15.3071785       1.00201706E-03
  -15.2971783       1.00637972E-03
  -15.2871780       1.01076136E-03
  -15.2771778       1.01516221E-03
  -15.2671776       1.01958204E-03
  -15.2571774       1.02402130E-03
  -15.2471771       1.02847966E-03
  -15.2371769       1.03295757E-03
  -15.2271767       1.03745505E-03
  -15.2171764       1.04197254E-03
  -15.2071762       1.04650913E-03
  -15.1971760       1.05106563E-03
  -15.1871758       1.05564191E-03
  -15.1771755       1.06023799E-03
  -15.1671753       1.06485421E-03
  -15.1571751       1.06949056E-03
  -15.1471748       1.07414695E-03
  -15.1371746       1.07882370E-03
  -15.1271744       1.08352082E-03
  -15.1171741       1.08823844E-03
  -15.1071739       1.09297642E-03
  -15.0971737       1.09773513E-03
  -15.0871735       1.10251468E-03
  -15.0771732       1.10731495E-03
  -15.0671730       1.11213606E-03
  -15.0571728       1.11697824E-03
  -15.0471725       1.12184137E-03
  -15.0371723       1.12672581E-03
  -15.0271721       1.13163143E-03
  -15.0171719       1.13655848E-03
  -15.0071716       1.14150695E-03
  -14.9971714       1.14647695E-03
  -14.9871712       1.15146919E-03
  -14.9771709       1.15648273E-03
  -14.9671707       1.16151792E-03
  -14.9571705       1.16657501E-03
  -14.9471703       1.17165421E-03
  -14.9371700       1.17675553E-03
  -14.9271698       1.18187896E-03
  -14.9171696       1.18702475E-03
  -14.9071693       1.19219301E-03
  -14.8971691       1.19738374E-03
  -14.8871689       1.20259693E-03
  -14.8771687       1.20783306E-03
  -14.8671684       1.21309177E-03
  -14.8571682       1.21837342E-03
  -14.8471680       1.22367823E-03
  -14.8371677       1.22900598E-03
  -14.8271675       1.23435690E-03
  -14.8171673       1.23973121E-03
  -14.8071671       1.24512892E-03
  -14.7971668       1.25055003E-03
  -14.7871666       1.25599490E-03
  -14.7771664       1.26146339E-03
  -14.7671661       1.26695575E-03
  -14.7571659       1.27247197E-03
  -14.7471657       1.27801276E-03
  -14.7371655       1.28357718E-03
  -14.7271652       1.28916570E-03
  -14.7171650       1.29477866E-03
  -14.7071648       1.30041596E-03
  -14.6971645       1.30607781E-03
  -14.6871643       1.31176435E-03
  -14.6771641       1.31747569E-03
  -14.6671638       1.32321182E-03
  -14.6571636       1.32897298E-03
  -14.6471634       1.33475929E-03
  -14.6371632       1.34057074E-03
  -14.6271629       1.34640746E-03
  -14.6171627       1.35226955E-03
  -14.6071625       1.35815726E-03
  -14.5971622       1.36407057E-03
  -14.5871620       1.37000962E-03
  -14.5771618       1.37597451E-03
  -14.5671616       1.38196535E-03
  -14.5571613       1.38798228E-03
  -14.5471611       1.39402552E-03
  -14.5371609       1.40009494E-03
  -14.5271606       1.40619080E-03
  -14.5171604       1.41231332E-03
  -14.5071602       1.41846307E-03
  -14.4971600       1.42463890E-03
  -14.4871597       1.43084163E-03
  -14.4771595       1.43707148E-03
  -14.4671593       1.44332834E-03
  -14.4571590       1.44961243E-03
  -14.4471588       1.45592389E-03
  -14.4371586       1.46226294E-03
  -14.4271584       1.46862946E-03
  -14.4171581       1.47502380E-03
  -14.4071579       1.48144586E-03
  -14.3971577       1.48789596E-03
  -14.3871574       1.49437413E-03
  -14.3771572       1.50088046E-03
  -14.3671570       1.50741520E-03
  -14.3571568       1.51397835E-03
  -14.3471565       1.52057013E-03
  -14.3371563       1.52719056E-03
  -14.3271561       1.53383985E-03
  -14.3171558       1.54051802E-03
  -14.3071556       1.54722540E-03
  -14.2971554       1.55396177E-03
  -14.2871552       1.56072748E-03
  -14.2771549       1.56752358E-03
  -14.2671547       1.57434854E-03
  -14.2571545       1.58120319E-03
  -14.2471542       1.58808753E-03
  -14.2371540       1.59500190E-03
  -14.2271538       1.60194631E-03
  -14.2171535       1.60892110E-03
  -14.2071533       1.61592627E-03
  -14.1971531       1.62296172E-03
  -14.1871529       1.63002813E-03
  -14.1771526       1.63712504E-03
  -14.1671524       1.64425303E-03
  -14.1571522       1.65141188E-03
  -14.1471519       1.65860204E-03
  -14.1371517       1.66582339E-03
  -14.1271515       1.67307630E-03
  -14.1171513       1.68036064E-03
  -14.1071510       1.68767688E-03
  -14.0971508       1.69502478E-03
  -14.0871506       1.70240481E-03
  -14.0771503       1.70981698E-03
  -14.0671501       1.71726139E-03
  -14.0571499       1.72473816E-03
  -14.0471497       1.73224753E-03
  -14.0371494       1.73979031E-03
  -14.0271492       1.74736534E-03
  -14.0171490       1.75497320E-03
  -14.0071487       1.76261412E-03
  -13.9971485       1.77028845E-03
  -13.9871483       1.77799608E-03
  -13.9771481       1.78573746E-03
  -13.9671478       1.79351226E-03
  -13.9571476       1.80132105E-03
  -13.9471474       1.80916395E-03
  -13.9371471       1.81704084E-03
  -13.9271469       1.82495208E-03
  -13.9171467       1.83289789E-03
  -13.9071465       1.84087816E-03
  -13.8971462       1.84889312E-03
  -13.8871460       1.85694301E-03
  -13.8771458       1.86502794E-03
  -13.8671455       1.87314814E-03
  -13.8571453       1.88130373E-03
  -13.8471451       1.88949483E-03
  -13.8371449       1.89772155E-03
  -13.8271446       1.90598390E-03
  -13.8171444       1.91428233E-03
  -13.8071442       1.92261708E-03
  -13.7971439       1.93098886E-03
  -13.7871437       1.93939626E-03
  -13.7771435       1.94784021E-03
  -13.7671432       1.95632107E-03
  -13.7571430       1.96483871E-03
  -13.7471428       1.97339337E-03
  -13.7371426       1.98198529E-03
  -13.7271423       1.99061469E-03
  -13.7171421       1.99928158E-03
  -13.7071419       2.00798642E-03
  -13.6971416       2.01672898E-03
  -13.6871414       2.02550972E-03
  -13.6771412       2.03432865E-03
  -13.6671410       2.04318599E-03
  -13.6571407       2.05208175E-03
  -13.6471405       2.06101616E-03
  -13.6371403       2.06998968E-03
  -13.6271400       2.07900233E-03
  -13.6171398       2.08805408E-03
  -13.6071396       2.09714519E-03
  -13.5971394       2.10627611E-03
  -13.5871391       2.11544684E-03
  -13.5771389       2.12465716E-03
  -13.5671387       2.13390891E-03
  -13.5571384       2.14319956E-03
  -13.5471382       2.15253094E-03
  -13.5371380       2.16190284E-03
  -13.5271378       2.17131572E-03
  -13.5171375       2.18076934E-03
  -13.5071373       2.19026417E-03
  -13.4971371       2.19980045E-03
  -13.4871368       2.20937817E-03
  -13.4771366       2.21899757E-03
  -13.4671364       2.22865888E-03
  -13.4571362       2.23836233E-03
  -13.4471359       2.24810792E-03
  -13.4371357       2.25789612E-03
  -13.4271355       2.26772670E-03
  -13.4171352       2.27760011E-03
  -13.4071350       2.28751660E-03
  -13.3971348       2.29747640E-03
  -13.3871346       2.30747927E-03
  -13.3771343       2.31752591E-03
  -13.3671341       2.32761609E-03
  -13.3571339       2.33775051E-03
  -13.3471336       2.34792870E-03
  -13.3371334       2.35815160E-03
  -13.3271332       2.36841966E-03
  -13.3171329       2.37873173E-03
  -13.3071327       2.38908851E-03
  -13.2971325       2.39949045E-03
  -13.2871323       2.40993756E-03
  -13.2771320       2.42043007E-03
  -13.2671318       2.43096869E-03
  -13.2571316       2.44155293E-03
  -13.2471313       2.45218305E-03
  -13.2371311       2.46285973E-03
  -13.2271309       2.47358275E-03
  -13.2171307       2.48435256E-03
  -13.2071304       2.49516917E-03
  -13.1971302       2.50603305E-03
  -13.1871300       2.51694396E-03
  -13.1771297       2.52790260E-03
  -13.1671295       2.53890874E-03
  -13.1571293       2.54996307E-03
  -13.1471291       2.56106537E-03
  -13.1371288       2.57221609E-03
  -13.1271286       2.58341525E-03
  -13.1171284       2.59466330E-03
  -13.1071281       2.60596024E-03
  -13.0971279       2.61730631E-03
  -13.0871277       2.62870314E-03
  -13.0771275       2.64014816E-03
  -13.0671272       2.65164301E-03
  -13.0571270       2.66318815E-03
  -13.0471268       2.67478358E-03
  -13.0371265       2.68642930E-03
  -13.0271263       2.69812555E-03
  -13.0171261       2.70987325E-03
  -13.0071259       2.72167171E-03
  -12.9971256       2.73352163E-03
  -12.9871254       2.74542300E-03
  -12.9771252       2.75737653E-03
  -12.9671249       2.76938197E-03
  -12.9571247       2.78143957E-03
  -12.9471245       2.79354956E-03
  -12.9371243       2.80571240E-03
  -12.9271240       2.81792833E-03
  -12.9171238       2.83019734E-03
  -12.9071236       2.84251990E-03
  -12.8971233       2.85489578E-03
  -12.8871231       2.86732591E-03
  -12.8771229       2.87981005E-03
  -12.8671227       2.89234845E-03
  -12.8571224       2.90494272E-03
  -12.8471222       2.91759078E-03
  -12.8371220       2.93029356E-03
  -12.8271217       2.94305198E-03
  -12.8171215       2.95586558E-03
  -12.8071213       2.96873529E-03
  -12.7971210       2.98166089E-03
  -12.7871208       2.99464283E-03
  -12.7771206       3.00768111E-03
  -12.7671204       3.02077644E-03
  -12.7571201       3.03392881E-03
  -12.7471199       3.04713799E-03
  -12.7371197       3.06040514E-03
  -12.7271194       3.07372981E-03
  -12.7171192       3.08711268E-03
  -12.7071190       3.10055376E-03
  -12.6971188       3.11405328E-03
  -12.6871185       3.12761148E-03
  -12.6771183       3.14122881E-03
  -12.6671181       3.15490528E-03
  -12.6571178       3.16864159E-03
  -12.6471176       3.18243750E-03
  -12.6371174       3.19629349E-03
  -12.6271172       3.21021024E-03
  -12.6171169       3.22418846E-03
  -12.6071167       3.23822629E-03
  -12.5971165       3.25232535E-03
  -12.5871162       3.26648587E-03
  -12.5771160       3.28070763E-03
  -12.5671158       3.29499156E-03
  -12.5571156       3.30933766E-03
  -12.5471153       3.32374638E-03
  -12.5371151       3.33821750E-03
  -12.5271149       3.35275196E-03
  -12.5171146       3.36734974E-03
  -12.5071144       3.38201062E-03
  -12.4971142       3.39673576E-03
  -12.4871140       3.41152470E-03
  -12.4771137       3.42637836E-03
  -12.4671135       3.44129652E-03
  -12.4571133       3.45627940E-03
  -12.4471130       3.47132795E-03
  -12.4371128       3.48644168E-03
  -12.4271126       3.50162154E-03
  -12.4171124       3.51686729E-03
  -12.4071121       3.53217940E-03
  -12.3971119       3.54755786E-03
  -12.3871117       3.56300385E-03
  -12.3771114       3.57851852E-03
  -12.3671112       3.59409908E-03
  -12.3571110       3.60974763E-03
  -12.3471107       3.62546393E-03
  -12.3371105       3.64124891E-03
  -12.3271103       3.65710258E-03
  -12.3171101       3.67302564E-03
  -12.3071098       3.68901738E-03
  -12.2971096       3.70507920E-03
  -12.2871094       3.72121064E-03
  -12.2771091       3.73741263E-03
  -12.2671089       3.75368469E-03
  -12.2571087       3.77002824E-03
  -12.2471085       3.78644257E-03
  -12.2371082       3.80292861E-03
  -12.2271080       3.81948613E-03
  -12.2171078       3.83611582E-03
  -12.2071075       3.85281770E-03
  -12.1971073       3.86959268E-03
  -12.1871071       3.88644077E-03
  -12.1771069       3.90336174E-03
  -12.1671066       3.92035674E-03
  -12.1571064       3.93742556E-03
  -12.1471062       3.95457074E-03
  -12.1371059       3.97178857E-03
  -12.1271057       3.98908136E-03
  -12.1171055       4.00644913E-03
  -12.1071053       4.02389327E-03
  -12.0971050       4.04141285E-03
  -12.0871048       4.05900879E-03
  -12.0771046       4.07668110E-03
  -12.0671043       4.09443118E-03
  -12.0571041       4.11225809E-03
  -12.0471039       4.13016183E-03
  -12.0371037       4.14814474E-03
  -12.0271034       4.16620541E-03
  -12.0171032       4.18434432E-03
  -12.0071030       4.20256285E-03
  -11.9971027       4.22086054E-03
  -11.9871025       4.23923740E-03
  -11.9771023       4.25769482E-03
  -11.9671021       4.27623279E-03
  -11.9571018       4.29485086E-03
  -11.9471016       4.31355042E-03
  -11.9371014       4.33233101E-03
  -11.9271011       4.35119402E-03
  -11.9171009       4.37013851E-03
  -11.9071007       4.38916776E-03
  -11.8971004       4.40827804E-03
  -11.8871002       4.42747120E-03
  -11.8771000       4.44674818E-03
  -11.8670998       4.46610898E-03
  -11.8570995       4.48555360E-03
  -11.8470993       4.50508343E-03
  -11.8370991       4.52469848E-03
  -11.8270988       4.54439828E-03
  -11.8170986       4.56418423E-03
  -11.8070984       4.58405633E-03
  -11.7970982       4.60401503E-03
  -11.7870979       4.62406036E-03
  -11.7770977       4.64419322E-03
  -11.7670975       4.66441363E-03
  -11.7570972       4.68472205E-03
  -11.7470970       4.70511895E-03
  -11.7370968       4.72560478E-03
  -11.7270966       4.74617956E-03
  -11.7170963       4.76684375E-03
  -11.7070961       4.78759827E-03
  -11.6970959       4.80844313E-03
  -11.6870956       4.82937880E-03
  -11.6770954       4.85040760E-03
  -11.6670952       4.87152627E-03
  -11.6570950       4.89273621E-03
  -11.6470947       4.91403881E-03
  -11.6370945       4.93543409E-03
  -11.6270943       4.95692249E-03
  -11.6170940       4.97850450E-03
  -11.6070938       5.00018056E-03
  -11.5970936       5.02195116E-03
  -11.5870934       5.04381629E-03
  -11.5770931       5.06577641E-03
  -11.5670929       5.08783245E-03
  -11.5570927       5.10998396E-03
  -11.5470924       5.13223279E-03
  -11.5370922       5.15457802E-03
  -11.5270920       5.17702056E-03
  -11.5170918       5.19956090E-03
  -11.5070915       5.22219948E-03
  -11.4970913       5.24493633E-03
  -11.4870911       5.26777236E-03
  -11.4770908       5.29070757E-03
  -11.4670906       5.31374291E-03
  -11.4570904       5.33687836E-03
  -11.4470901       5.36011485E-03
  -11.4370899       5.38345519E-03
  -11.4270897       5.40689426E-03
  -11.4170895       5.43043530E-03
  -11.4070892       5.45407878E-03
  -11.3970890       5.47782565E-03
  -11.3870888       5.50167542E-03
  -11.3770885       5.52562904E-03
  -11.3670883       5.54968743E-03
  -11.3570881       5.57385013E-03
  -11.3470879       5.59811853E-03
  -11.3370876       5.62249217E-03
  -11.3270874       5.64697199E-03
  -11.3170872       5.67155844E-03
  -11.3070869       5.69625199E-03
  -11.2970867       5.72105311E-03
  -11.2870865       5.74596180E-03
  -11.2770863       5.77097945E-03
  -11.2670860       5.79610560E-03
  -11.2570858       5.82134118E-03
  -11.2470856       5.84668666E-03
  -11.2370853       5.87214297E-03
  -11.2270851       5.89770963E-03
  -11.2170849       5.92338759E-03
  -11.2070847       5.94917778E-03
  -11.1970844       5.97508298E-03
  -11.1870842       6.00109762E-03
  -11.1770840       6.02722634E-03
  -11.1670837       6.05346868E-03
  -11.1570835       6.07982418E-03
  -11.1470833       6.10629562E-03
  -11.1370831       6.13288162E-03
  -11.1270828       6.15958404E-03
  -11.1170826       6.18640194E-03
  -11.1070824       6.21333718E-03
  -11.0970821       6.24038978E-03
  -11.0870819       6.26755925E-03
  -11.0770817       6.29484840E-03
  -11.0670815       6.32225536E-03
  -11.0570812       6.34978199E-03
  -11.0470810       6.37742877E-03
  -11.0370808       6.40519476E-03
  -11.0270805       6.43308274E-03
  -11.0170803       6.46109134E-03
  -11.0070801       6.48922240E-03
  -10.9970798       6.51747640E-03
  -10.9870796       6.54585287E-03
  -10.9770794       6.57435320E-03
  -10.9670792       6.60298066E-03
  -10.9570789       6.63172873E-03
  -10.9470787       6.66060299E-03
  -10.9370785       6.68960297E-03
  -10.9270782       6.71872869E-03
  -10.9170780       6.74798153E-03
  -10.9070778       6.77736150E-03
  -10.8970776       6.80686953E-03
  -10.8870773       6.83650654E-03
  -10.8770771       6.86627161E-03
  -10.8670769       6.89616706E-03
  -10.8570766       6.92619197E-03
  -10.8470764       6.95634820E-03
  -10.8370762       6.98663574E-03
  -10.8270760       7.01705506E-03
  -10.8170757       7.04760663E-03
  -10.8070755       7.07829138E-03
  -10.7970753       7.10910978E-03
  -10.7870750       7.14006228E-03
  -10.7770748       7.17114937E-03
  -10.7670746       7.20237149E-03
  -10.7570744       7.23373005E-03
  -10.7470741       7.26522552E-03
  -10.7370739       7.29685696E-03
  -10.7270737       7.32863089E-03
  -10.7170734       7.36053893E-03
  -10.7070732       7.39258621E-03
  -10.6970730       7.42477272E-03
  -10.6870728       7.45709939E-03
  -10.6770725       7.48956716E-03
  -10.6670723       7.52217602E-03
  -10.6570721       7.55492691E-03
  -10.6470718       7.58782029E-03
  -10.6370716       7.62085756E-03
  -10.6270714       7.65403779E-03
  -10.6170712       7.68736284E-03
  -10.6070709       7.72083271E-03
  -10.5970707       7.75444880E-03
  -10.5870705       7.78821064E-03
  -10.5770702       7.82211963E-03
  -10.5670700       7.85617717E-03
  -10.5570698       7.89038185E-03
  -10.5470695       7.92473648E-03
  -10.5370693       7.95924012E-03
  -10.5270691       7.99389370E-03
  -10.5170689       8.02869815E-03
  -10.5070686       8.06365442E-03
  -10.4970684       8.09876341E-03
  -10.4870682       8.13402887E-03
  -10.4770679       8.16944335E-03
  -10.4670677       8.20501242E-03
  -10.4570675       8.24073609E-03
  -10.4470673       8.27661529E-03
  -10.4370670       8.31265189E-03
  -10.4270668       8.34884401E-03
  -10.4170666       8.38519353E-03
  -10.4070663       8.42170231E-03
  -10.3970661       8.45837034E-03
  -10.3870659       8.49519670E-03
  -10.3770657       8.53218418E-03
  -10.3670654       8.56933277E-03
  -10.3570652       8.60664248E-03
  -10.3470650       8.64411518E-03
  -10.3370647       8.68175086E-03
  -10.3270645       8.71955045E-03
  -10.3170643       8.75751488E-03
  -10.3070641       8.79564416E-03
  -10.2970638       8.83394014E-03
  -10.2870636       8.87240190E-03
  -10.2770634       8.91103130E-03
  -10.2670631       8.94982927E-03
  -10.2570629       8.98880046E-03
  -10.2470627       9.02793743E-03
  -10.2370625       9.06724390E-03
  -10.2270622       9.10672173E-03
  -10.2170620       9.14637186E-03
  -10.2070618       9.18619428E-03
  -10.1970615       9.22618993E-03
  -10.1870613       9.26635973E-03
  -10.1770611       9.30670556E-03
  -10.1670609       9.34722554E-03
  -10.1570606       9.38792247E-03
  -10.1470604       9.42879729E-03
  -10.1370602       9.46984999E-03
  -10.1270599       9.51108057E-03
  -10.1170597       9.55249090E-03
  -10.1070595       9.59408097E-03
  -10.0970592       9.63585358E-03
  -10.0870590       9.67780687E-03
  -10.0770588       9.71994363E-03
  -10.0670586       9.76226293E-03
  -10.0570583       9.80476756E-03
  -10.0470581       9.84745659E-03
  -10.0370579       9.89033096E-03
  -10.0270576       9.93339252E-03
  -10.0170574       9.97664686E-03
  -10.0070572       1.00200837E-02
  -9.99705696       1.00637106E-02
  -9.98705673       1.01075275E-02
  -9.97705650       1.01515343E-02
  -9.96705627       1.01957340E-02
  -9.95705605       1.02401245E-02
  -9.94705582       1.02847097E-02
  -9.93705559       1.03294887E-02
  -9.92705536       1.03744622E-02
  -9.91705513       1.04196314E-02
  -9.90705490       1.04649980E-02
  -9.89705467       1.05105611E-02
  -9.88705444       1.05563235E-02
  -9.87705421       1.06022852E-02
  -9.86705399       1.06484462E-02
  -9.85705376       1.06948083E-02
  -9.84705353       1.07413726E-02
  -9.83705330       1.07881399E-02
  -9.82705307       1.08351111E-02
  -9.81705284       1.08822854E-02
  -9.80705261       1.09296665E-02
  -9.79705238       1.09772533E-02
  -9.78705215       1.10250469E-02
  -9.77705193       1.10730547E-02
  -9.76705170       1.11212656E-02
  -9.75705147       1.11696869E-02
  -9.74705124       1.12183178E-02
  -9.73705101       1.12671619E-02
  -9.72705078       1.13162184E-02
  -9.71705055       1.13654882E-02
  -9.70705032       1.14149721E-02
  -9.69705009       1.14646722E-02
  -9.68704987       1.15145883E-02
  -9.67704964       1.15647223E-02
  -9.66704941       1.16150733E-02
  -9.65704918       1.16656451E-02
  -9.64704895       1.17164366E-02
  -9.63704872       1.17674489E-02
  -9.62704849       1.18186828E-02
  -9.61704826       1.18701402E-02
  -9.60704803       1.19218221E-02
  -9.59704781       1.19737284E-02
  -9.58704758       1.20258611E-02
  -9.57704735       1.20782210E-02
  -9.56704712       1.21308081E-02
  -9.55704689       1.21836243E-02
  -9.54704666       1.22366780E-02
  -9.53704643       1.22899543E-02
  -9.52704620       1.23434644E-02
  -9.51704597       1.23972055E-02
  -9.50704575       1.24511831E-02
  -9.49704552       1.25053944E-02
  -9.48704529       1.25598405E-02
  -9.47704506       1.26145268E-02
  -9.46704483       1.26694487E-02
  -9.45704460       1.27246110E-02
  -9.44704437       1.27800116E-02
  -9.43704414       1.28356554E-02
  -9.42704391       1.28915403E-02
  -9.41704369       1.29476693E-02
  -9.40704346       1.30040431E-02
  -9.39704323       1.30606601E-02
  -9.38704300       1.31175248E-02
  -9.37704277       1.31746382E-02
  -9.36704254       1.32320002E-02
  -9.35704231       1.32896109E-02
  -9.34704208       1.33474730E-02
  -9.33704185       1.34055857E-02
  -9.32704163       1.34639526E-02
  -9.31704140       1.35225747E-02
  -9.30704117       1.35814557E-02
  -9.29704094       1.36405881E-02
  -9.28704071       1.36999795E-02
  -9.27704048       1.37596270E-02
  -9.26704025       1.38195353E-02
  -9.25704002       1.38797052E-02
  -9.24703979       1.39401359E-02
  -9.23703957       1.40008302E-02
  -9.22703934       1.40617881E-02
  -9.21703911       1.41230114E-02
  -9.20703888       1.41845029E-02
  -9.19703865       1.42462607E-02
  -9.18703842       1.43082878E-02
  -9.17703819       1.43705849E-02
  -9.16703796       1.44331530E-02
  -9.15703773       1.44959940E-02
  -9.14703751       1.45591078E-02
  -9.13703728       1.46224964E-02
  -9.12703705       1.46861654E-02
  -9.11703682       1.47501081E-02
  -9.10703659       1.48143284E-02
  -9.09703636       1.48788290E-02
  -9.08703613       1.49436099E-02
  -9.07703590       1.50086740E-02
  -9.06703568       1.50740203E-02
  -9.05703545       1.51396506E-02
  -9.04703522       1.52055677E-02
  -9.03703499       1.52717708E-02
  -9.02703476       1.53382625E-02
  -9.01703453       1.54050440E-02
  -9.00703430       1.54721197E-02
  -8.99703407       1.55394860E-02
  -8.98703384       1.56071428E-02
  -8.97703362       1.56750958E-02
  -8.96703339       1.57433413E-02
  -8.95703316       1.58118866E-02
  -8.94703293       1.58807319E-02
  -8.93703270       1.59498751E-02
  -8.92703247       1.60193201E-02
  -8.91703224       1.60890650E-02
  -8.90703201       1.61591172E-02
  -8.89703178       1.62294749E-02
  -8.88703156       1.63001381E-02
  -8.87703133       1.63711067E-02
  -8.86703110       1.64423846E-02
  -8.85703087       1.65139735E-02
  -8.84703064       1.65858753E-02
  -8.83703041       1.66580882E-02
  -8.82703018       1.67306159E-02
  -8.81702995       1.68034602E-02
  -8.80702972       1.68766212E-02
  -8.79702950       1.69500988E-02
  -8.78702927       1.70238987E-02
  -8.77702904       1.70980226E-02
  -8.76702881       1.71724670E-02
  -8.75702858       1.72472354E-02
  -8.74702835       1.73223279E-02
  -8.73702812       1.73977464E-02
  -8.72702789       1.74734946E-02
  -8.71702766       1.75495725E-02
  -8.70702744       1.76259819E-02
  -8.69702721       1.77027248E-02
  -8.68702698       1.77798010E-02
  -8.67702675       1.78572126E-02
  -8.66702652       1.79349612E-02
  -8.65702629       1.80130545E-02
  -8.64702606       1.80914812E-02
  -8.63702583       1.81702506E-02
  -8.62702560       1.82493608E-02
  -8.61702538       1.83288176E-02
  -8.60702515       1.84086189E-02
  -8.59702492       1.84887685E-02
  -8.58702469       1.85692664E-02
  -8.57702446       1.86501164E-02
  -8.56702423       1.87313166E-02
  -8.55702400       1.88128725E-02
  -8.54702377       1.88947804E-02
  -8.53702354       1.89770516E-02
  -8.52702332       1.90596767E-02
  -8.51702309       1.91426612E-02
  -8.50702286       1.92260072E-02
  -8.49702263       1.93097144E-02
  -8.48702240       1.93937868E-02
  -8.47702217       1.94782261E-02
  -8.46702194       1.95630323E-02
  -8.45702171       1.96482092E-02
  -8.44702148       1.97337549E-02
  -8.43702126       1.98196732E-02
  -8.42702103       1.99059676E-02
  -8.41702080       1.99926402E-02
  -8.40702057       2.00796872E-02
  -8.39702034       2.01671124E-02
  -8.38702011       2.02549193E-02
  -8.37701988       2.03431062E-02
  -8.36701965       2.04316787E-02
  -8.35701942       2.05206368E-02
  -8.34701920       2.06099823E-02
  -8.33701897       2.06997152E-02
  -8.32701874       2.07898393E-02
  -8.31701851       2.08803583E-02
  -8.30701828       2.09712684E-02
  -8.29701805       2.10625809E-02
  -8.28701782       2.11542863E-02
  -8.27701759       2.12463904E-02
  -8.26701736       2.13388950E-02
  -8.25701714       2.14318037E-02
  -8.24701691       2.15251148E-02
  -8.23701668       2.16188338E-02
  -8.22701645       2.17129607E-02
  -8.21701622       2.18074955E-02
  -8.20701599       2.19024438E-02
  -8.19701576       2.19978057E-02
  -8.18701553       2.20935866E-02
  -8.17701530       2.21897811E-02
  -8.16701508       2.22863946E-02
  -8.15701485       2.23834254E-02
  -8.14701462       2.24808827E-02
  -8.13701439       2.25787610E-02
  -8.12701416       2.26770677E-02
  -8.11701393       2.27758028E-02
  -8.10701370       2.28749644E-02
  -8.09701347       2.29745619E-02
  -8.08701324       2.30745915E-02
  -8.07701302       2.31750552E-02
  -8.06701279       2.32759621E-02
  -8.05701256       2.33773049E-02
  -8.04701233       2.34790873E-02
  -8.03701210       2.35813130E-02
  -8.02701187       2.36839838E-02
  -8.01701164       2.37871017E-02
  -8.00701141       2.38906685E-02
  -7.99701118       2.39946861E-02
  -7.98701096       2.40991581E-02
  -7.97701073       2.42040828E-02
  -7.96701050       2.43094657E-02
  -7.95701027       2.44153086E-02
  -7.94701004       2.45216172E-02
  -7.93700981       2.46283803E-02
  -7.92700958       2.47356091E-02
  -7.91700935       2.48433072E-02
  -7.90700912       2.49514729E-02
  -7.89700890       2.50601098E-02
  -7.88700867       2.51692180E-02
  -7.87700844       2.52788030E-02
  -7.86700821       2.53888648E-02
  -7.85700798       2.54994072E-02
  -7.84700775       2.56104283E-02
  -7.83700752       2.57219356E-02
  -7.82700729       2.58339327E-02
  -7.81700706       2.59464104E-02
  -7.80700684       2.60593798E-02
  -7.79700661       2.61728391E-02
  -7.78700638       2.62867939E-02
  -7.77700615       2.64012422E-02
  -7.76700592       2.65161935E-02
  -7.75700569       2.66316403E-02
  -7.74700546       2.67475937E-02
  -7.73700523       2.68640518E-02
  -7.72700500       2.69810129E-02
  -7.71700478       2.70984881E-02
  -7.70700455       2.72164792E-02
  -7.69700432       2.73349769E-02
  -7.68700409       2.74539888E-02
  -7.67700386       2.75735203E-02
  -7.66700363       2.76935752E-02
  -7.65700340       2.78141517E-02
  -7.64700317       2.79352516E-02
  -7.63700294       2.80568767E-02
  -7.62700272       2.81790365E-02
  -7.61700249       2.83017252E-02
  -7.60700226       2.84249485E-02
  -7.59700203       2.85487156E-02
  -7.58700180       2.86730118E-02
  -7.57700157       2.87978556E-02
  -7.56700134       2.89232358E-02
  -7.55700111       2.90491674E-02
  -7.54700089       2.91756447E-02
  -7.53700066       2.93026716E-02
  -7.52700043       2.94302534E-02
  -7.51700020       2.95583904E-02
  -7.50699997       2.96870843E-02
  -7.49699974       2.98163407E-02
  -7.48699951       2.99461577E-02
  -7.47699928       3.00765485E-02
  -7.46699905       3.02074980E-02
  -7.45699883       3.03390175E-02
  -7.44699860       3.04711126E-02
  -7.43699837       3.06037813E-02
  -7.42699814       3.07370275E-02
  -7.41699791       3.08708549E-02
  -7.40699768       3.10052633E-02
  -7.39699745       3.11402567E-02
  -7.38699722       3.12758386E-02
  -7.37699699       3.14120129E-02
  -7.36699677       3.15487795E-02
  -7.35699654       3.16861458E-02
  -7.34699631       3.18241045E-02
  -7.33699608       3.19626629E-02
  -7.32699585       3.21018249E-02
  -7.31699562       3.22415940E-02
  -7.30699539       3.23819704E-02
  -7.29699516       3.25229578E-02
  -7.28699493       3.26645635E-02
  -7.27699471       3.28067839E-02
  -7.26699448       3.29496190E-02
  -7.25699425       3.30930799E-02
  -7.24699402       3.32371630E-02
  -7.23699379       3.33818831E-02
  -7.22699356       3.35272253E-02
  -7.21699333       3.36731970E-02
  -7.20699310       3.38198096E-02
  -7.19699287       3.39670591E-02
  -7.18699265       3.41149494E-02
  -7.17699242       3.42634805E-02
  -7.16699219       3.44126597E-02
  -7.15699196       3.45624909E-02
  -7.14699173       3.47129740E-02
  -7.13699150       3.48641090E-02
  -7.12699127       3.50159071E-02
  -7.11699104       3.51683721E-02
  -7.10699081       3.53214927E-02
  -7.09699059       3.54752764E-02
  -7.08699036       3.56297344E-02
  -7.07699013       3.57848629E-02
  -7.06698990       3.59406658E-02
  -7.05698967       3.60971503E-02
  -7.04698944       3.62543128E-02
  -7.03698921       3.64121608E-02
  -7.02698898       3.65706980E-02
  -7.01698875       3.67299244E-02
  -7.00698853       3.68898399E-02
  -6.99698830       3.70504670E-02
  -6.98698807       3.72117795E-02
  -6.97698784       3.73737961E-02
  -6.96698761       3.75365205E-02
  -6.95698738       3.76999490E-02
  -6.94698715       3.78640927E-02
  -6.93698692       3.80289480E-02
  -6.92698669       3.81945223E-02
  -6.91698647       3.83608192E-02
  -6.90698624       3.85278389E-02
  -6.89698601       3.86955850E-02
  -6.88698578       3.88640761E-02
  -6.87698555       3.90332825E-02
  -6.86698532       3.92032303E-02
  -6.85698509       3.93739194E-02
  -6.84698486       3.95453498E-02
  -6.83698463       3.97175252E-02
  -6.82698441       3.98904532E-02
  -6.81698418       4.00641337E-02
  -6.80698395       4.02385704E-02
  -6.79698372       4.04137634E-02
  -6.78698349       4.05897200E-02
  -6.77698326       4.07664478E-02
  -6.76698303       4.09439504E-02
  -6.75698280       4.11222167E-02
  -6.74698257       4.13012616E-02
  -6.73698235       4.14810814E-02
  -6.72698212       4.16616872E-02
  -6.71698189       4.18430790E-02
  -6.70698166       4.20252569E-02
  -6.69698143       4.22082320E-02
  -6.68698120       4.23920043E-02
  -6.67698097       4.25765738E-02
  -6.66698074       4.27619517E-02
  -6.65698051       4.29481305E-02
  -6.64698029       4.31351326E-02
  -6.63698006       4.33229432E-02
  -6.62697983       4.35115658E-02
  -6.61697960       4.37010117E-02
  -6.60697937       4.38912809E-02
  -6.59697914       4.40823808E-02
  -6.58697891       4.42743115E-02
  -6.57697868       4.44670767E-02
  -6.56697845       4.46606837E-02
  -6.55697823       4.48551327E-02
  -6.54697800       4.50504310E-02
  -6.53697777       4.52465750E-02
  -6.52697754       4.54435833E-02
  -6.51697731       4.56414409E-02
  -6.50697708       4.58401628E-02
  -6.49697685       4.60397452E-02
  -6.48697662       4.62401994E-02
  -6.47697639       4.64415215E-02
  -6.46697617       4.66437265E-02
  -6.45697594       4.68468107E-02
  -6.44697571       4.70507741E-02
  -6.43697548       4.72556315E-02
  -6.42697525       4.74613793E-02
  -6.41697502       4.76680212E-02
  -6.40697479       4.78755720E-02
  -6.39697456       4.80840206E-02
  -6.38697433       4.82933745E-02
  -6.37697411       4.85036410E-02
  -6.36697388       4.87148203E-02
  -6.35697365       4.89269234E-02
  -6.34697342       4.91399430E-02
  -6.33697319       4.93538976E-02
  -6.32697296       4.95687798E-02
  -6.31697273       4.97845970E-02
  -6.30697250       5.00013568E-02
  -6.29697227       5.02190553E-02
  -6.28697205       5.04377186E-02
  -6.27697182       5.06573208E-02
  -6.26697159       5.08778766E-02
  -6.25697136       5.10993935E-02
  -6.24697113       5.13218753E-02
  -6.23697090       5.15453257E-02
  -6.22697067       5.17697521E-02
  -6.21697044       5.19951545E-02
  -6.20697021       5.22215366E-02
  -6.19696999       5.24489023E-02
  -6.18696976       5.26772588E-02
  -6.17696953       5.29066250E-02
  -6.16696930       5.31369746E-02
  -6.15696907       5.33683300E-02
  -6.14696884       5.36006913E-02
  -6.13696861       5.38340658E-02
  -6.12696838       5.40684536E-02
  -6.11696815       5.43038659E-02
  -6.10696793       5.45402989E-02
  -6.09696770       5.47777638E-02
  -6.08696747       5.50162606E-02
  -6.07696724       5.52557968E-02
  -6.06696701       5.54963723E-02
  -6.05696678       5.57380132E-02
  -6.04696655       5.59806935E-02
  -6.03696632       5.62244244E-02
  -6.02696609       5.64692244E-02
  -6.01696587       5.67150898E-02
  -6.00696564       5.69620170E-02
  -5.99696541       5.72100282E-02
  -5.98696518       5.74591123E-02
  -5.97696495       5.77092879E-02
  -5.96696472       5.79605475E-02
  -5.95696449       5.82129024E-02
  -5.94696426       5.84663562E-02
  -5.93696404       5.87209277E-02
  -5.92696381       5.89765944E-02
  -5.91696358       5.92333712E-02
  -5.90696335       5.94912693E-02
  -5.89696312       5.97502887E-02
  -5.88696289       6.00104332E-02
  -5.87696266       6.02717176E-02
  -5.86696243       6.05341345E-02
  -5.85696220       6.07976951E-02
  -5.84696198       6.10624030E-02
  -5.83696175       6.13282658E-02
  -5.82696152       6.15952834E-02
  -5.81696129       6.18634745E-02
  -5.80696106       6.21328279E-02
  -5.79696083       6.24033473E-02
  -5.78696060       6.26750439E-02
  -5.77696037       6.29479215E-02
  -5.76696014       6.32219985E-02
  -5.75695992       6.34972602E-02
  -5.74695969       6.37737215E-02
  -5.73695946       6.40513822E-02
  -5.72695923       6.43302649E-02
  -5.71695900       6.46103472E-02
  -5.70695877       6.48916587E-02
  -5.69695854       6.51742071E-02
  -5.68695831       6.54579699E-02
  -5.67695808       6.57429695E-02
  -5.66695786       6.60292059E-02
  -5.65695763       6.63166940E-02
  -5.64695740       6.66054338E-02
  -5.63695717       6.68954253E-02
  -5.62695694       6.71866834E-02
  -5.61695671       6.74792081E-02
  -5.60695648       6.77729994E-02
  -5.59695625       6.80680797E-02
  -5.58695602       6.83644488E-02
  -5.57695580       6.86621144E-02
  -5.56695557       6.89610615E-02
  -5.55695534       6.92613125E-02
  -5.54695511       6.95628747E-02
  -5.53695488       6.98657408E-02
  -5.52695465       7.01699257E-02
  -5.51695442       7.04754442E-02
  -5.50695419       7.07822889E-02
  -5.49695396       7.10904673E-02
  -5.48695374       7.13999867E-02
  -5.47695351       7.17108622E-02
  -5.46695328       7.20231012E-02
  -5.45695305       7.23366812E-02
  -5.44695282       7.26516321E-02
  -5.43695259       7.29679465E-02
  -5.42695236       7.32856467E-02
  -5.41695213       7.36047253E-02
  -5.40695190       7.39251971E-02
  -5.39695168       7.42470622E-02
  -5.38695145       7.45703205E-02
  -5.37695122       7.48949945E-02
  -5.36695099       7.52210841E-02
  -5.35695076       7.55485892E-02
  -5.34695053       7.58775398E-02
  -5.33695030       7.62079060E-02
  -5.32695007       7.65397027E-02
  -5.31694984       7.68729523E-02
  -5.30694962       7.72076547E-02
  -5.29694939       7.75438100E-02
  -5.28694916       7.78814256E-02
  -5.27694893       7.82205164E-02
  -5.26694870       7.85610825E-02
  -5.25694847       7.89031237E-02
  -5.24694824       7.92466626E-02
  -5.23694801       7.95916989E-02
  -5.22694778       7.99382553E-02
  -5.21694756       8.02862942E-02
  -5.20694733       8.06358531E-02
  -5.19694710       8.09869394E-02
  -5.18694687       8.13395530E-02
  -5.17694664       8.16936940E-02
  -5.16694641       8.20493773E-02
  -5.15694618       8.24066177E-02
  -5.14694595       8.27654079E-02
  -5.13694572       8.31257626E-02
  -5.12694550       8.34876895E-02
  -5.11694527       8.38511810E-02
  -5.10694504       8.42162818E-02
  -5.09694481       8.45829546E-02
  -5.08694458       8.49512219E-02
  -5.07694435       8.53210911E-02
  -5.06694412       8.56925696E-02
  -5.05694389       8.60656723E-02
  -5.04694366       8.64403918E-02
  -5.03694344       8.68167430E-02
  -5.02694321       8.71947408E-02
  -5.01694298       8.75743777E-02
  -5.00694275       8.79556686E-02
  -4.99694252       8.83386210E-02
  -4.98694229       8.87232646E-02
  -4.97694206       8.91095549E-02
  -4.96694183       8.94975290E-02
  -4.95694160       8.98871943E-02
  -4.94694138       9.02785584E-02
  -4.93694115       9.06716213E-02
  -4.92694092       9.10663977E-02
  -4.91694069       9.14628953E-02
  -4.90694046       9.18611139E-02
  -4.89694023       9.22610685E-02
  -4.88694000       9.26627666E-02
  -4.87693977       9.30662304E-02
  -4.86693954       9.34714377E-02
  -4.85693932       9.38784033E-02
  -4.84693909       9.42871422E-02
  -4.83693886       9.46976617E-02
  -4.82693863       9.51099619E-02
  -4.81693840       9.55240652E-02
  -4.80693817       9.59399715E-02
  -4.79693794       9.63576883E-02
  -4.78693771       9.67772156E-02
  -4.77693748       9.71985832E-02
  -4.76693726       9.76217762E-02
  -4.75693703       9.80468318E-02
  -4.74693680       9.84737128E-02
  -4.73693657       9.89024639E-02
  -4.72693634       9.93330777E-02
  -4.71693611       9.97655615E-02
  -4.70693588      0.100199938    
  -4.69693565      0.100636199    
  -4.68693542      0.101074368    
  -4.67693520      0.101514429    
  -4.66693497      0.101956412    
  -4.65693474      0.102400325    
  -4.64693451      0.102846168    
  -4.63693428      0.103293978    
  -4.62693405      0.103743710    
  -4.61693382      0.104195401    
  -4.60693359      0.104649052    
  -4.59693336      0.105104692    
  -4.58693314      0.105562314    
  -4.57693291      0.106021918    
  -4.56693268      0.106483519    
  -4.55693245      0.106947139    
  -4.54693222      0.107412793    
  -4.53693199      0.107880466    
  -4.52693176      0.108350173    
  -4.51693153      0.108821914    
  -4.50693130      0.109295718    
  -4.49693108      0.109771580    
  -4.48693085      0.110249534    
  -4.47693062      0.110729538    
  -4.46693039      0.111211650    
  -4.45693016      0.111695856    
  -4.44692993      0.112182178    
  -4.43692970      0.112670608    
  -4.42692947      0.113161169    
  -4.41692924      0.113653868    
  -4.40692902      0.114148706    
  -4.39692879      0.114645697    
  -4.38692856      0.115144856    
  -4.37692833      0.115646191    
  -4.36692810      0.116149716    
  -4.35692787      0.116655417    
  -4.34692764      0.117163330    
  -4.33692741      0.117673449    
  -4.32692719      0.118185788    
  -4.31692696      0.118700355    
  -4.30692673      0.119217187    
  -4.29692650      0.119736254    
  -4.28692627      0.120257564    
  -4.27692604      0.120781161    
  -4.26692581      0.121307030    
  -4.25692558      0.121835195    
  -4.24692535      0.122365668    
  -4.23692513      0.122898430    
  -4.22692490      0.123433530    
  -4.21692467      0.123970941    
  -4.20692444      0.124510705    
  -4.19692421      0.125052825    
  -4.18692398      0.125597298    
  -4.17692375      0.126144126    
  -4.16692352      0.126693368    
  -4.15692329      0.127244964    
  -4.14692307      0.127798989    
  -4.13692284      0.128355429    
  -4.12692261      0.128914267    
  -4.11692238      0.129475549    
  -4.10692215      0.130039275    
  -4.09692192      0.130605459    
  -4.08692169      0.131174102    
  -4.07692146      0.131745234    
  -4.06692123      0.132318854    
  -4.05692101      0.132894948    
  -4.04692078      0.133473575    
  -4.03692055      0.134054691    
  -4.02692032      0.134638369    
  -4.01692009      0.135224581    
  -4.00691986      0.135813341    
  -3.99691987      0.136404634    
  -3.98691988      0.136998519    
  -3.97691989      0.137594998    
  -3.96691990      0.138194054    
  -3.95691991      0.138795719    
  -3.94691992      0.139400035    
  -3.93691993      0.140006945    
  -3.92691994      0.140616521    
  -3.91691995      0.141228721    
  -3.90691996      0.141843617    
  -3.89691997      0.142461181    
  -3.88691998      0.143081442    
  -3.87691998      0.143704399    
  -3.86691999      0.144330055    
  -3.85692000      0.144958436    
  -3.84692001      0.145589575    
  -3.83692002      0.146223441    
  -3.82692003      0.146860078    
  -3.81692004      0.147499472    
  -3.80692005      0.148141667    
  -3.79692006      0.148786649    
  -3.78692007      0.149434432    
  -3.77692008      0.150085062    
  -3.76692009      0.150738493    
  -3.75692010      0.151394784    
  -3.74692011      0.152053937    
  -3.73692012      0.152715951    
  -3.72692013      0.153380856    
  -3.71692014      0.154048637    
  -3.70692015      0.154719353    
  -3.69692016      0.155392960    
  -3.68692017      0.156069517    
  -3.67692018      0.156749025    
  -3.66692019      0.157431483    
  -3.65692019      0.158116907    
  -3.64692020      0.158805326    
  -3.63692021      0.159496740    
  -3.62692022      0.160191149    
  -3.61692023      0.160888582    
  -3.60692024      0.161589086    
  -3.59692025      0.162292615    
  -3.58692026      0.162999198    
  -3.57692027      0.163708881    
  -3.56692028      0.164421648    
  -3.55692029      0.165137500    
  -3.54692030      0.165856495    
  -3.53692031      0.166578606    
  -3.52692032      0.167303845    
  -3.51692033      0.168032259    
  -3.50692034      0.168763846    
  -3.49692035      0.169498608    
  -3.48692036      0.170236573    
  -3.47692037      0.170977771    
  -3.46692038      0.171722174    
  -3.45692039      0.172469810    
  -3.44692039      0.173220739    
  -3.43692040      0.173974901    
  -3.42692041      0.174732357    
  -3.41692042      0.175493106    
  -3.40692043      0.176257178    
  -3.39692044      0.177024573    
  -3.38692045      0.177795306    
  -3.37692046      0.178569406    
  -3.36692047      0.179346874    
  -3.35692048      0.180127710    
  -3.34692049      0.180911958    
  -3.33692050      0.181699619    
  -3.32692051      0.182490706    
  -3.31692052      0.183285221    
  -3.30692053      0.184083238    
  -3.29692054      0.184884697    
  -3.28692055      0.185689643    
  -3.27692056      0.186498120    
  -3.26692057      0.187310085    
  -3.25692058      0.188125610    
  -3.24692059      0.188944682    
  -3.23692060      0.189767316    
  -3.22692060      0.190593526    
  -3.21692061      0.191423327    
  -3.20692062      0.192256764    
  -3.19692063      0.193093807    
  -3.18692064      0.193934500    
  -3.17692065      0.194778875    
  -3.16692066      0.195626915    
  -3.15692067      0.196478620    
  -3.14692068      0.197334066    
  -3.13692069      0.198193237    
  -3.12692070      0.199056119    
  -3.11692071      0.199922785    
  -3.10692072      0.200793207    
  -3.09692073      0.201667413    
  -3.08692074      0.202545434    
  -3.07692075      0.203427315    
  -3.06692076      0.204312995    
  -3.05692077      0.205202535    
  -3.04692078      0.206095964    
  -3.03692079      0.206993282    
  -3.02692080      0.207894459    
  -3.01692080      0.208799601    
  -3.00692081      0.209708706    
  -2.99692082      0.210621729    
  -2.98692083      0.211538732    
  -2.97692084      0.212459743    
  -2.96692085      0.213384748    
  -2.95692086      0.214313790    
  -2.94692087      0.215246901    
  -2.93692088      0.216184050    
  -2.92692089      0.217125252    
  -2.91692090      0.218070567    
  -2.90692091      0.219020024    
  -2.89692092      0.219973609    
  -2.88692093      0.220931306    
  -2.87692094      0.221893251    
  -2.86692095      0.222859323    
  -2.85692096      0.223829612    
  -2.84692097      0.224804148    
  -2.83692098      0.225782901    
  -2.82692099      0.226765901    
  -2.81692100      0.227753192    
  -2.80692101      0.228744820    
  -2.79692101      0.229740724    
  -2.78692102      0.230740964    
  -2.77692103      0.231745586    
  -2.76692104      0.232754573    
  -2.75692105      0.233767912    
  -2.74692106      0.234785736    
  -2.73692107      0.235807955    
  -2.72692108      0.236834586    
  -2.71692109      0.237865731    
  -2.70692110      0.238901377    
  -2.69692111      0.239941508    
  -2.68692112      0.240986153    
  -2.67692113      0.242035389    
  -2.66692114      0.243089169    
  -2.65692115      0.244147509    
  -2.64692116      0.245210528    
  -2.63692117      0.246278107    
  -2.62692118      0.247350365    
  -2.61692119      0.248427272    
  -2.60692120      0.249508917    
  -2.59692121      0.250595212    
  -2.58692122      0.251686245    
  -2.57692122      0.252782077    
  -2.56692123      0.253882647    
  -2.55692124      0.254987985    
  -2.54692125      0.256098181    
  -2.53692126      0.257213175    
  -2.52692127      0.258333027    
  -2.51692128      0.259457767    
  -2.50692129      0.260587424    
  -2.49692130      0.261721969    
  -2.48692131      0.262861431    
  -2.47692132      0.264005929    
  -2.46692133      0.265155345    
  -2.45692134      0.266309768    
  -2.44692135      0.267469287    
  -2.43692136      0.268633783    
  -2.42692137      0.269803375    
  -2.41692138      0.270978034    
  -2.40692139      0.272157848    
  -2.39692140      0.273342758    
  -2.38692141      0.274532855    
  -2.37692142      0.275728136    
  -2.36692142      0.276928604    
  -2.35692143      0.278134286    
  -2.34692144      0.279345274    
  -2.33692145      0.280561477    
  -2.32692146      0.281782985    
  -2.31692147      0.283009797    
  -2.30692148      0.284242004    
  -2.29692149      0.285479546    
  -2.28692150      0.286722451    
  -2.27692151      0.287970811    
  -2.26692152      0.289224595    
  -2.25692153      0.290483832    
  -2.24692154      0.291748524    
  -2.23692155      0.293018758    
  -2.22692156      0.294294506    
  -2.21692157      0.295575827    
  -2.20692158      0.296862721    
  -2.19692159      0.298155189    
  -2.18692160      0.299453318    
  -2.17692161      0.300757080    
  -2.16692162      0.302066535    
  -2.15692163      0.303381681    
  -2.14692163      0.304702550    
  -2.13692164      0.306029201    
  -2.12692165      0.307361573    
  -2.11692166      0.308699787    
  -2.10692167      0.310043812    
  -2.09692168      0.311393678    
  -2.08692169      0.312749416    
  -2.07692170      0.314111084    
  -2.06692171      0.315478683    
  -2.05692172      0.316852242    
  -2.04692173      0.318231732    
  -2.03692174      0.319617271    
  -2.02692175      0.321008831    
  -2.01692176      0.322406441    
  -2.00692177      0.323810160    
  -1.99692178      0.325219959    
  -1.98692179      0.326635897    
  -1.97692180      0.328058004    
  -1.96692181      0.329486340    
  -1.95692182      0.330920875    
  -1.94692183      0.332361639    
  -1.93692183      0.333808690    
  -1.92692184      0.335262030    
  -1.91692185      0.336721718    
  -1.90692186      0.338187754    
  -1.89692187      0.339660138    
