  -1.88692188      0.341138452    
  -1.87692189      0.342613906    
  -1.86692190      0.344083279    
  -1.85692191      0.345546424    
  -1.84692192      0.347003460    
  -1.83692193      0.348454267    
  -1.82692194      0.349898875    
  -1.81692195      0.351337194    
  -1.80692196      0.352769256    
  -1.79692197      0.354194999    
  -1.78692198      0.355614424    
  -1.77692199      0.357027441    
  -1.76692200      0.358434111    
  -1.75692201      0.359834403    
  -1.74692202      0.361228257    
  -1.73692203      0.362615615    
  -1.72692204      0.363996536    
  -1.71692204      0.365370899    
  -1.70692205      0.366738766    
  -1.69692206      0.368100077    
  -1.68692207      0.369454771    
  -1.67692208      0.370802879    
  -1.66692209      0.372144401    
  -1.65692210      0.373479217    
  -1.64692211      0.374807388    
  -1.63692212      0.376128852    
  -1.62692213      0.377443582    
  -1.61692214      0.378751576    
  -1.60692215      0.380052775    
  -1.59692216      0.381347209    
  -1.58692217      0.382634819    
  -1.57692218      0.383915603    
  -1.56692219      0.385189503    
  -1.55692220      0.386456519    
  -1.54692221      0.387716621    
  -1.53692222      0.388969809    
  -1.52692223      0.390216053    
  -1.51692224      0.391455293    
  -1.50692225      0.392687529    
  -1.49692225      0.393912792    
  -1.48692226      0.395130962    
  -1.47692227      0.396342099    
  -1.46692228      0.397546142    
  -1.45692229      0.398743093    
  -1.44692230      0.399932891    
  -1.43692231      0.401115566    
  -1.42692232      0.402291030    
  -1.41692233      0.403459340    
  -1.40692234      0.404620409    
  -1.39692235      0.405774295    
  -1.38692236      0.406920910    
  -1.37692237      0.408060223    
  -1.36692238      0.409192264    
  -1.35692239      0.410316974    
  -1.34692240      0.411434352    
  -1.33692241      0.412544370    
  -1.32692242      0.413647026    
  -1.31692243      0.414742291    
  -1.30692244      0.415830135    
  -1.29692245      0.416910559    
  -1.28692245      0.417983502    
  -1.27692246      0.419049025    
  -1.26692247      0.420107007    
  -1.25692248      0.421157479    
  -1.24692249      0.422200441    
  -1.23692250      0.423235834    
  -1.22692251      0.424263716    
  -1.21692252      0.425283968    
  -1.20692253      0.426296622    
  -1.19692254      0.427301645    
  -1.18692255      0.428299069    
  -1.17692256      0.429288805    
  -1.16692257      0.430270880    
  -1.15692258      0.431245267    
  -1.14692259      0.432211936    
  -1.13692260      0.433170885    
  -1.12692261      0.434122086    
  -1.11692262      0.435065508    
  -1.10692263      0.436001182    
  -1.09692264      0.436929047    
  -1.08692265      0.437849134    
  -1.07692266      0.438761324    
  -1.06692266      0.439665735    
  -1.05692267      0.440562278    
  -1.04692268      0.441450924    
  -1.03692269      0.442331672    
  -1.02692270      0.443204522    
  -1.01692271      0.444069475    
  -1.00692272      0.444926471    
 -0.996922731      0.445775509    
 -0.986922741      0.446616590    
 -0.976922750      0.447449654    
 -0.966922760      0.448274761    
 -0.956922770      0.449091822    
 -0.946922779      0.449900866    
 -0.936922789      0.450701892    
 -0.926922798      0.451494843    
 -0.916922808      0.452279717    
 -0.906922817      0.453056514    
 -0.896922827      0.453825206    
 -0.886922836      0.454585791    
 -0.876922846      0.455338269    
 -0.866922855      0.456082553    
 -0.856922865      0.456818730    
 -0.846922874      0.457546711    
 -0.836922884      0.458266526    
 -0.826922894      0.458978176    
 -0.816922903      0.459681600    
 -0.806922913      0.460376799    
 -0.796922922      0.461063772    
 -0.786922932      0.461742520    
 -0.776922941      0.462413013    
 -0.766922951      0.463075191    
 -0.756922960      0.463729143    
 -0.746922970      0.464374810    
 -0.736922979      0.465012133    
 -0.726922989      0.465641171    
 -0.716922998      0.466261864    
 -0.706923008      0.466874242    
 -0.696923018      0.467478275    
 -0.686923027      0.468073934    
 -0.676923037      0.468661278    
 -0.666923046      0.469240189    
 -0.656923056      0.469810724    
 -0.646923065      0.470372885    
 -0.636923075      0.470926613    
 -0.626923084      0.471471906    
 -0.616923094      0.472008795    
 -0.606923103      0.472537249    
 -0.596923113      0.473057270    
 -0.586923122      0.473568797    
 -0.576923132      0.474071860    
 -0.566923141      0.474566489    
 -0.556923151      0.475052595    
 -0.546923161      0.475530237    
 -0.536923170      0.475999355    
 -0.526923180      0.476459980    
 -0.516923189      0.476912111    
 -0.506923199      0.477355659    
 -0.496923208      0.477790713    
 -0.486923218      0.478217214    
 -0.476923227      0.478635192    
 -0.466923237      0.479044557    
 -0.456923246      0.479445398    
 -0.446923256      0.479837686    
 -0.436923265      0.480221361    
 -0.426923275      0.480596483    
 -0.416923285      0.480962962    
 -0.406923294      0.481320888    
 -0.396923304      0.481670201    
 -0.386923313      0.482010901    
 -0.376923323      0.482342988    
 -0.366923332      0.482666463    
 -0.356923342      0.482981294    
 -0.346923351      0.483287513    
 -0.336923361      0.483585060    
 -0.326923370      0.483873993    
 -0.316923380      0.484154254    
 -0.306923389      0.484425843    
 -0.296923399      0.484688818    
 -0.286923409      0.484943122    
 -0.276923418      0.485188723    
 -0.266923428      0.485425681    
 -0.256923437      0.485653937    
 -0.246923432      0.485873520    
 -0.236923426      0.486084431    
 -0.226923421      0.486286640    
 -0.216923416      0.486480147    
 -0.206923410      0.486665010    
 -0.196923405      0.486841112    
 -0.186923400      0.487008542    
 -0.176923394      0.487167239    
 -0.166923389      0.487317264    
 -0.156923383      0.487458557    
 -0.146923378      0.487591147    
 -0.136923373      0.487715006    
 -0.126923367      0.487830162    
 -0.116923369      0.487936586    
 -0.106923372      0.488034278    
  -9.69233736E-02  0.488123268    
  -8.69233757E-02  0.488203526    
  -7.69233778E-02  0.488275051    
  -6.69233799E-02  0.488337845    
  -5.69233820E-02  0.488391906    
  -4.69233841E-02  0.488437265    
  -3.69233862E-02  0.488473892    
  -2.69233864E-02  0.488501757    
  -1.69233866E-02  0.488520920    
  -6.92338683E-03  0.488531321    
   3.07661295E-03  0.488532990    
   1.30766127E-02  0.488525957    
   2.30766125E-02  0.488510132    
   3.30766141E-02  0.488485634    
   4.30766121E-02  0.488452405    
   5.30766100E-02  0.488410413    
   6.30766079E-02  0.488359690    
   7.30766058E-02  0.488300264    
   8.30766037E-02  0.488232076    
   9.30766016E-02  0.488155186    
  0.103076600      0.488069534    
  0.113076597      0.487975210    
  0.123076595      0.487872124    
  0.133076593      0.487760335    
  0.143076599      0.487639815    
  0.153076604      0.487510592    
  0.163076609      0.487372637    
  0.173076615      0.487226009    
  0.183076620      0.487070620    
  0.193076625      0.486906528    
  0.203076631      0.486733764    
  0.213076636      0.486552268    
  0.223076642      0.486362100    
  0.233076647      0.486163259    
  0.243076652      0.485955685    
  0.253076643      0.485739410    
  0.263076633      0.485514522    
  0.273076624      0.485280901    
  0.283076614      0.485038608    
  0.293076605      0.484787643    
  0.303076595      0.484528035    
  0.313076586      0.484259754    
  0.323076576      0.483982801    
  0.333076566      0.483697236    
  0.343076557      0.483402997    
  0.353076547      0.483100116    
  0.363076538      0.482788593    
  0.373076528      0.482468456    
  0.383076519      0.482139707    
  0.393076509      0.481802285    
  0.403076500      0.481456310    
  0.413076490      0.481101692    
  0.423076481      0.480738491    
  0.433076471      0.480366677    
  0.443076462      0.479986280    
  0.453076452      0.479597330    
  0.463076442      0.479199797    
  0.473076433      0.478793681    
  0.483076423      0.478379011    
  0.493076414      0.477955818    
  0.503076434      0.477524042    
  0.513076425      0.477083713    
  0.523076415      0.476634920    
  0.533076406      0.476177573    
  0.543076396      0.475711703    
  0.553076386      0.475237370    
  0.563076377      0.474754483    
  0.573076367      0.474263161    
  0.583076358      0.473763317    
  0.593076348      0.473255038    
  0.603076339      0.472738296    
  0.613076329      0.472213060    
  0.623076320      0.471679449    
  0.633076310      0.471137375    
  0.643076301      0.470586866    
  0.653076291      0.470027953    
  0.663076282      0.469460636    
  0.673076272      0.468884975    
  0.683076262      0.468300879    
  0.693076253      0.467708409    
  0.703076243      0.467107594    
  0.713076234      0.466498435    
  0.723076224      0.465880901    
  0.733076215      0.465255082    
  0.743076205      0.464620948    
  0.753076196      0.463978499    
  0.763076186      0.463327736    
  0.773076177      0.462668687    
  0.783076167      0.462001413    
  0.793076158      0.461325854    
  0.803076148      0.460642010    
  0.813076138      0.459950000    
  0.823076129      0.459249735    
  0.833076119      0.458541274    
  0.843076110      0.457824588    
  0.853076100      0.457099736    
  0.863076091      0.456366718    
  0.873076081      0.455625534    
  0.883076072      0.454876184    
  0.893076062      0.454118729    
  0.903076053      0.453353167    
  0.913076043      0.452579468    
  0.923076034      0.451797724    
  0.933076024      0.451007873    
  0.943076015      0.450209945    
  0.953076005      0.449404001    
  0.963075995      0.448590010    
  0.973075986      0.447768003    
  0.983075976      0.446937978    
  0.993075967      0.446099967    
   1.00307596      0.445254028    
   1.01307595      0.444400072    
   1.02307594      0.443538189    
   1.03307593      0.442668378    
   1.04307592      0.441790640    
   1.05307591      0.440905035    
   1.06307590      0.440011531    
   1.07307589      0.439110160    
   1.08307588      0.438200951    
   1.09307587      0.437283903    
   1.10307586      0.436359018    
   1.11307585      0.435426384    
   1.12307584      0.434485912    
   1.13307583      0.433537692    
   1.14307582      0.432581723    
   1.15307581      0.431618035    
   1.16307580      0.430646628    
   1.17307580      0.429667503    
   1.18307579      0.428680688    
   1.19307578      0.427686244    
   1.20307577      0.426684141    
   1.21307576      0.425674409    
   1.22307575      0.424657077    
   1.23307574      0.423632145    
   1.24307573      0.422599643    
   1.25307572      0.421559602    
   1.26307571      0.420511991    
   1.27307570      0.419456869    
   1.28307569      0.418394268    
   1.29307568      0.417324156    
   1.30307567      0.416246653    
   1.31307566      0.415161669    
   1.32307565      0.414069235    
   1.33307564      0.412969410    
   1.34307563      0.411862224    
   1.35307562      0.410747677    
   1.36307561      0.409625769    
   1.37307560      0.408496559    
   1.38307559      0.407360017    
   1.39307559      0.406216234    
   1.40307558      0.405065149    
   1.41307557      0.403906822    
   1.42307556      0.402741313    
   1.43307555      0.401568592    
   1.44307554      0.400388688    
   1.45307553      0.399201602    
   1.46307552      0.398007423    
   1.47307551      0.396806121    
   1.48307550      0.395597726    
   1.49307549      0.394382238    
   1.50307548      0.393159717    
   1.51307547      0.391930133    
   1.52307546      0.390693575    
   1.53307545      0.389450014    
   1.54307544      0.388199508    
   1.55307543      0.386942059    
   1.56307542      0.385677695    
   1.57307541      0.384406447    
   1.58307540      0.383128315    
   1.59307539      0.381843328    
   1.60307539      0.380551517    
   1.61307538      0.379252911    
   1.62307537      0.377947509    
   1.63307536      0.376635402    
   1.64307535      0.375316501    
   1.65307534      0.373990923    
   1.66307533      0.372658670    
   1.67307532      0.371319711    
   1.68307531      0.369974166    
   1.69307530      0.368621975    
   1.70307529      0.367263198    
   1.71307528      0.365897834    
   1.72307527      0.364525974    
   1.73307526      0.363147587    
   1.74307525      0.361762702    
   1.75307524      0.360371351    
   1.76307523      0.358973563    
   1.77307522      0.357569337    
   1.78307521      0.356158733    
   1.79307520      0.354741752    
   1.80307519      0.353318423    
   1.81307518      0.351888835    
   1.82307518      0.350452900    
   1.83307517      0.349010736    
   1.84307516      0.347562313    
   1.85307515      0.346107662    
   1.86307514      0.344646841    
   1.87307513      0.343179852    
   1.88307512      0.341706753    
