   0.00000000       1.00000000    
  0.100000001       1.10000002    
  0.200000003       1.21000004    
  0.300000012       1.33100009    
  0.400000006       1.46410012    
  0.500000000       1.61051011    
  0.600000024       1.77156115    
  0.700000048       1.94871724    
  0.800000072       2.14358902    
  0.900000095       2.35794783    
   1.00000012       2.59374261    
   1.10000014       2.85311699    
   1.20000017       3.13842869    
   1.30000019       3.45227146    
   1.40000021       3.79749870    
   1.50000024       4.17724848    
   1.60000026       4.59497356    
   1.70000029       5.05447102    
   1.80000031       5.55991793    
   1.90000033       6.11590958    
   2.00000024       6.72750044    
   2.10000014       7.40025043    
   2.20000005       8.14027596    
   2.29999995       8.95430374    
   2.39999986       9.84973431    
   2.49999976       10.8347073    
   2.59999967       11.9181776    
   2.69999957       13.1099949    
   2.79999948       14.4209948    
   2.89999938       15.8630943    
   2.99999928       17.4494038    
   3.09999919       19.1943436    
   3.19999909       21.1137772    
   3.29999900       23.2251549    
   3.39999890       25.5476704    
   3.49999881       28.1024380    
   3.59999871       30.9126816    
   3.69999862       34.0039482    
   3.79999852       37.4043427    
   3.89999843       41.1447754    
   3.99999833       45.2592545    
